1,533748	-6,883014
1,543748	-7,520579
1,553748	-7,520579
1,563748	-7,138040
1,573748	-7,138040
1,583748	-7,648092
1,593748	-7,393066
1,603748	-6,883014
1,613748	-7,265553
1,623748	-7,138040
1,635706	-7,648092
1,645706	-7,393066
1,655706	-7,010527
1,665706	-7,393066
1,675706	-7,393066
1,685706	-7,138040
1,695706	-7,265553
1,705706	-7,265553
1,715706	-7,010527
1,725706	-7,648092
1,744302	-7,265553
1,754302	-7,393066
1,764302	-7,393066
1,774302	-7,648092
1,784302	-7,010527
1,794302	-7,138040
1,804302	-7,010527
1,814302	-6,755500
1,824302	-7,265553
1,834302	-7,265553
1,856989	-6,883014
1,866989	-7,393066
1,876989	-6,883014
1,886989	-7,393066
1,896989	-7,138040
1,906989	-6,883014
1,916989	-7,520579
1,926989	-7,265553
1,936989	-7,010527
1,946989	-7,648092
1,966677	-7,265553
1,976677	-7,393066
1,986677	-7,265553
1,996677	-7,265553
2,006677	-6,883014
2,016677	-7,010527
2,026677	-7,393066
2,036677	-7,138040
2,046677	-7,010527
2,056677	-7,393066
2,080843	-6,755500
2,090843	-7,648092
2,100843	-7,138040
2,110843	-7,265553
2,120843	-7,393066
2,130843	-7,775605
2,140843	-7,010527
2,150843	-7,520579
2,160843	-7,138040
2,170843	-7,520579
2,190385	-7,138040
2,200385	-7,265553
2,210385	-7,648092
2,220385	-7,265553
2,230385	-7,648092
2,240385	-7,520579
2,250385	-6,883014
2,260385	-6,883014
2,270385	-7,265553
2,280385	-7,010527
2,297233	-7,393066
2,307233	-7,648092
2,317233	-7,265553
2,327233	-7,010527
2,337233	-7,010527
2,347233	-7,265553
2,357233	-7,265553
2,367233	-7,775605
2,377233	-7,648092
2,387233	-7,393066
2,412047	-6,883014
2,422047	-7,648092
2,432047	-7,393066
2,442047	-7,138040
2,452047	-6,883014
2,462047	-7,393066
2,472047	-7,393066
2,482047	-7,265553
2,492047	-7,265553
2,502047	-7,010527
2,521466	-7,520579
2,531466	-7,393066
2,541466	-7,648092
2,551466	-7,138040
2,561466	-6,883014
2,571466	-7,520579
2,581466	-7,265553
2,591466	-7,520579
2,601466	-7,265553
2,611466	-7,393066
2,632211	-7,393066
2,642211	-7,265553
2,652211	-7,265553
2,662211	-7,393066
2,672211	-7,775605
2,682211	-7,010527
2,692211	-7,648092
2,702211	-7,138040
2,712211	-7,648092
2,722211	-7,265553
2,746724	-7,393066
2,756724	-7,138040
2,766724	-7,393066
2,776724	-7,265553
2,786724	-7,393066
2,796724	-7,648092
2,806724	-7,648092
2,816724	-7,393066
2,826724	-7,010527
2,836724	-7,265553
2,859497	-7,010527
2,869497	-7,010527
2,879497	-7,648092
2,889497	-7,010527
2,899497	-7,265553
2,909497	-7,138040
2,919497	-7,393066
2,929497	-7,393066
2,939497	-7,775605
2,949497	-7,265553
2,973278	-6,117935
2,983278	-5,225344
2,993278	-4,332752
3,003278	-2,675083
3,013278	-1,527465
3,023278	0,767770
3,033278	3,063004
3,043278	4,975700
3,053278	8,036013
3,063278	11,223840
3,087847	18,109545
3,097847	21,424884
3,107847	24,485197
3,117847	26,270380
3,127847	28,310589
3,137847	29,840745
3,147847	32,008467
3,157847	33,411111
3,167847	35,196293
3,177847	37,108989
3,197640	40,806868
3,207640	42,464537
3,217640	44,632259
3,227640	46,034903
3,237640	48,075112
3,247640	49,732781
3,257640	52,028016
3,267640	54,960816
3,277640	56,490973
3,287640	59,296260
3,311515	66,819530
3,321515	70,772435
3,331515	74,342800
3,341515	77,913166
3,351515	82,503635
3,361515	86,074001
3,371515	90,919497
3,381515	95,637480
3,391515	99,590384
3,401515	104,563393
3,418547	113,489307
3,428547	117,824751
3,438547	122,542734
3,448547	127,643256
3,458547	132,106212
3,468547	137,334247
3,478547	142,052230
3,488547	146,770213
3,498547	151,870735
3,508547	156,461205
3,526796	165,387119
3,536796	169,722562
3,546796	174,440545
3,556796	178,648476
3,566796	182,983920
3,576796	187,319364
3,586796	191,144755
3,596796	194,970147
3,606796	199,050564
3,616796	202,493417
3,640726	210,654252
3,650726	214,097104
3,660726	216,774878
3,670726	219,835192
3,680726	222,512966
3,690726	225,700792
3,700726	228,506079
3,710726	231,056340
3,720726	233,606601
3,730726	235,646810
3,755394	241,894950
3,765394	243,935158
3,775394	246,230393
3,785394	248,143089
3,795394	250,820863
3,805394	252,606046
3,815394	254,518742
3,825394	256,431437
3,835394	258,089107
3,845394	260,129316
3,867977	264,337247
3,877977	266,377455
3,887977	268,545177
3,897977	270,202847
3,907977	271,477977
3,917977	273,135647
3,927977	274,538291
3,937977	276,450986
3,947977	277,981143
3,957977	279,511300
3,971087	281,679022
3,981087	283,209178
3,991087	284,739335
4,001087	286,014465
4,011087	287,162083
4,021087	288,947265
4,031087	290,732448
4,041087	291,880066
4,051087	292,900170
4,061087	294,302814
4,084575	297,873179
4,094575	298,893283
4,104575	300,040901
4,114575	301,571058
4,124575	302,718675
4,134575	303,993805
4,144575	304,758884
4,154575	306,416553
4,164575	307,819197
4,174575	309,094328
4,194495	311,899615
4,204495	312,919719
4,214495	314,449876
4,224495	316,235058
4,234495	318,020241
4,244495	318,912832
4,254495	320,698015
4,264495	322,228172
4,274495	323,630815
4,284495	325,288485
4,307226	328,603824
4,317226	330,133981
4,327226	331,281598
4,337226	333,194294
4,347226	334,214399
4,357226	335,872068
4,367226	337,402225
4,377226	338,549842
4,387226	340,079999
4,397226	341,865182
4,422225	345,563060
4,432225	347,093217
4,442225	347,985808
4,452225	349,515965
4,462225	350,918608
4,472225	352,193739
4,482225	354,488974
4,492225	355,381565
4,502225	356,401670
4,512225	358,314365
4,529478	359,844522
4,539478	361,247165
4,549478	362,777322
4,559478	364,179966
4,569478	365,710122
4,579478	366,475201
4,589478	367,622818
4,599478	369,280488
4,609478	370,555618
4,619478	371,703236
4,636513	373,488418
4,646513	375,018575
4,656513	376,166192
4,666513	377,313810
4,676513	378,461427
4,686513	379,098993
4,696513	380,501636
4,706513	381,649254
4,716513	382,669358
4,726513	383,816976
4,742176	385,092106
4,752176	386,112210
4,762176	387,387341
4,772176	387,897393
4,782176	388,407445
4,792176	389,937602
4,802176	390,702680
4,812176	391,085219
4,822176	391,722785
4,832176	392,742889
4,856899	394,528072
4,866899	395,675689
4,876899	395,930715
4,886899	396,823307
4,896899	397,843411
4,906899	399,118542
4,916899	400,138646
4,926899	400,648698
4,936899	401,541290
4,946899	402,433881
4,968637	404,729116
4,978637	404,856629
4,988637	406,259273
4,998637	406,896838
5,008637	407,534403
5,018637	408,937047
5,028637	409,192073
5,038637	410,084664
5,048637	410,722229
5,058637	411,869847
5,078643	413,527517
5,088643	413,655030
5,098643	414,547621
5,108643	415,312699
5,118643	415,822751
5,128643	417,097882
5,138643	417,225395
5,148643	418,373012
5,158643	419,010578
5,168643	419,775656
5,185422	421,305813
5,195422	421,815865
5,205422	422,835969
5,215422	424,111100
5,225422	424,621152
5,235422	425,386230
5,245422	426,406335
5,255422	427,298926
5,265422	428,191517
5,275422	428,446544
5,298621	430,869291
5,308621	431,761883
5,318621	432,654474
5,328621	433,674579
5,338621	434,312144
5,348621	435,077222
5,358621	435,587274
5,368621	436,989918
5,378621	437,627483
5,388621	438,137535
5,407428	439,412666
5,417428	440,560283
5,427428	441,452875
5,437428	442,472979
5,447428	442,855518
5,457428	443,875623
5,467428	444,895727
5,477428	445,788318
5,487428	446,680910
5,497428	447,573501
5,510334	448,466093
5,520334	449,741223
5,530334	450,888841
5,540334	451,526406
5,550334	452,291484
5,560334	453,311589
5,570334	454,076667
5,580334	454,841745
5,590334	455,351797
5,600334	456,626928
5,616052	457,392006
5,626052	458,284598
5,636052	459,049676
5,646052	459,049676
5,656052	459,814754
5,666052	460,197293
5,676052	460,834859
5,686052	460,834859
5,696052	461,599937
5,706052	461,089885
5,725345	461,727450
5,735345	461,727450
5,745345	461,727450
5,755345	461,982476
5,765345	461,854963
5,775345	461,727450
5,785345	462,109989
5,795345	462,365015
5,805345	462,365015
5,815345	463,385120
5,830020	463,640146
5,840020	464,405224
5,850020	464,532737
5,860020	464,915276
5,870020	465,425328
5,880020	465,935381
5,890020	466,445433
5,900020	467,082998
5,910020	467,975589
5,920020	469,250720
5,938399	470,780877
5,948399	471,673468
5,958399	472,821085
5,968399	473,968703
5,978399	474,988807
5,988399	476,391451
5,998399	477,794094
6,008399	479,069225
6,018399	481,364460
6,028399	482,767103
6,047757	486,464982
6,057757	488,505191
6,067757	490,927939
6,077757	492,968147
6,087757	493,095661
6,097757	493,095661
6,107757	492,968147
6,117757	493,095661
6,127757	493,223174
6,137757	493,350687
6,159576	492,713121
6,169576	493,095661
6,179576	492,968147
6,189576	493,223174
6,199576	493,350687
6,209576	493,223174
6,219576	493,350687
6,229576	492,968147
6,239576	492,585608
6,249576	492,840634
6,269487	492,840634
6,279487	492,713121
6,289487	492,840634
6,299487	493,095661
6,309487	493,223174
6,319487	493,478200
6,329487	493,223174
6,339487	492,968147
6,349487	493,095661
6,359487	492,840634
6,380130	492,968147
6,390130	493,095661
6,400130	492,968147
6,410130	493,095661
6,420130	492,713121
6,430130	493,095661
6,440130	492,968147
6,450130	493,350687
6,460130	493,223174
6,470130	492,585608
6,487763	492,840634
6,497763	492,713121
6,507763	493,350687
6,517763	492,585608
6,527763	492,840634
6,537763	492,968147
6,547763	493,095661
6,557763	492,713121
6,567763	493,223174
6,577763	492,713121
6,596087	493,223174
6,606087	492,713121
6,616087	493,095661
6,626087	493,095661
6,636087	493,223174
6,646087	492,840634
6,656087	492,713121
6,666087	493,350687
6,676087	493,478200
6,686087	492,713121
6,709358	493,095661
6,719358	493,095661
6,729358	493,223174
6,739358	492,968147
6,749358	492,585608
6,759358	493,095661
6,769358	493,095661
6,779358	493,095661
6,789358	492,968147
6,799358	492,713121
6,824564	492,585608
6,834564	492,713121
6,844564	492,713121
6,854564	492,840634
6,864564	492,585608
6,874564	492,713121
6,884564	492,713121
6,894564	492,713121
6,904564	492,713121
6,914564	493,223174
6,935448	492,713121
6,945448	492,968147
6,955448	492,840634
6,965448	493,223174
6,975448	492,968147
6,985448	492,713121
6,995448	493,223174
7,005448	492,968147
7,015448	493,095661
7,025448	493,095661
7,041043	493,095661
7,051043	492,713121
7,061043	492,968147
7,071043	493,223174
7,081043	493,350687
7,091043	492,968147
7,101043	492,713121
7,111043	492,585608
7,121043	492,968147
7,131043	493,223174
7,155877	492,713121
7,165877	493,350687
7,175877	492,968147
7,185877	492,713121
7,195877	492,585608
7,205877	492,968147
7,215877	492,840634
7,225877	493,095661
7,235877	492,968147
7,245877	492,713121
7,270816	492,968147
7,280816	492,840634
7,290816	492,968147
7,300816	492,585608
7,310816	493,223174
7,320816	492,585608
7,330816	493,095661
7,340816	492,840634
7,350816	493,095661
7,360816	493,095661
7,373306	492,968147
7,383306	493,095661
7,393306	492,840634
7,403306	493,095661
7,413306	492,713121
7,423306	492,968147
7,433306	492,840634
7,443306	492,968147
7,453306	492,713121
7,463306	493,095661
7,479822	492,968147
7,489822	492,840634
7,499822	492,713121
7,509822	493,223174
7,519822	492,713121
7,529822	493,223174
7,539822	492,713121
7,549822	493,223174
7,559822	493,095661
7,569822	492,713121
7,592851	493,223174
7,602851	492,968147
7,612851	493,095661
7,622851	492,713121
7,632851	493,350687
7,642851	492,713121
7,652851	493,350687
7,662851	492,840634
7,672851	492,968147
7,682851	493,095661
7,707507	492,840634
7,717507	492,968147
7,727507	492,713121
7,737507	493,095661
7,747507	493,223174
7,757507	492,585608
7,767507	493,223174
7,777507	492,713121
7,787507	492,968147
7,797507	492,713121
7,821135	493,223174
7,831135	492,713121
7,841135	493,223174
7,851135	492,840634
7,861135	493,095661
7,871135	493,095661
7,881135	493,223174
7,891135	492,585608
7,901135	493,223174
7,911135	492,713121
7,927459	493,095661
7,937459	492,968147
7,947459	493,350687
7,957459	493,350687
7,967459	492,968147
7,977459	492,968147
7,987459	492,713121
7,997459	492,713121
8,007459	493,095661
8,017459	493,095661
8,030404	493,223174
8,040404	492,840634
8,050404	492,713121
8,060404	492,713121
8,070404	492,713121
8,080404	493,095661
8,090404	493,223174
8,100404	493,350687
8,110404	493,223174
8,120404	493,223174
8,142017	492,713121
8,152017	492,840634
8,162017	492,840634
8,172017	493,223174
8,182017	493,095661
8,192017	492,968147
8,202017	492,713121
8,212017	493,095661
8,222017	493,350687
8,232017	492,968147
8,251796	492,840634
8,261796	492,968147
8,271796	493,223174
8,281796	493,095661
8,291796	492,968147
8,301796	492,840634
8,311796	492,840634
8,321796	492,840634
8,331796	492,968147
8,341796	492,840634
8,358275	493,223174
8,368275	492,585608
8,378275	492,840634
8,388275	492,840634
8,398275	492,585608
8,408275	492,713121
8,418275	492,585608
8,428275	493,478200
8,438275	492,840634
8,448275	492,968147
8,465099	492,840634
8,475099	493,223174
8,485099	492,713121
8,495099	492,968147
8,505099	492,330582
8,515099	491,820530
8,525099	491,948043
8,535099	491,055452
8,545099	491,182965
8,555099	490,672913
8,574727	489,780321
8,584727	489,525295
8,594727	488,505191
8,604727	487,485086
8,614727	485,954930
8,624727	484,934825
8,634727	482,512077
8,644727	479,324251
8,654727	475,881399
8,664727	471,673468
8,687303	460,579832
8,697303	456,116876
8,707303	451,526406
8,717303	447,828527
8,727303	443,365571
8,737303	439,412666
8,747303	435,587274
8,757303	431,634370
8,767303	427,936491
8,777303	424,111100
8,798160	416,205291
8,808160	412,634925
8,818160	409,192073
8,828160	404,856629
8,838160	401,541290
8,848160	398,353463
8,858160	395,038124
8,868160	392,105324
8,878160	389,427550
8,888160	386,877289
8,912221	380,374123
8,922221	378,461427
8,932221	375,911166
8,942221	373,105879
8,952221	370,683131
8,962221	368,387896
8,972221	365,710122
8,982221	363,414887
8,992221	361,884731
9,002221	359,461983
9,021465	354,744000
9,031465	352,576278
9,041465	350,153530
9,051465	347,858295
9,061465	345,690573
9,071465	343,522851
9,081465	341,482643
9,091465	338,677355
9,101465	336,382121
9,111465	334,596938
9,131185	330,516520
9,141185	328,476311
9,151185	326,436103
9,161185	324,395894
9,171185	322,483198
9,181185	320,570502
9,191185	318,785319
9,201185	316,872624
9,211185	314,704902
9,221185	312,919719
9,243985	308,839301
9,253985	307,054119
9,263985	305,141423
9,273985	303,228727
9,283985	301,443544
9,293985	299,913388
9,303985	298,255718
9,313985	296,853075
9,323985	295,067892
9,333985	293,155196
9,358149	289,712344
9,368149	287,799648
9,378149	286,524517
9,388149	285,376900
9,398149	283,464204
9,408149	282,444100
9,418149	281,041456
9,428149	279,766326
9,438149	278,363682
9,448149	276,961039
9,471424	273,390673
9,481424	272,115543
9,491424	270,457873
9,501424	269,437769
9,511424	267,780099
9,521424	266,122429
9,531424	264,209733
9,541424	262,679577
9,551424	261,149420
9,561424	259,746777
9,584200	255,538846
9,594200	254,008689
9,604200	252,223507
9,614200	250,310811
9,624200	248,653141
9,634200	246,995472
9,644200	245,720341
9,654200	244,062671
9,664200	242,149976
9,674200	240,874845
9,695581	238,197071
9,705581	236,539401
9,715581	234,881732
9,725581	234,116653
9,735581	232,331471
9,745581	230,673801
9,755581	229,653697
9,765581	228,251053
9,775581	227,613488
9,785581	226,083331
9,802427	224,298148
9,812427	223,150531
9,822427	222,130427
9,832427	221,875400
9,842427	220,345244
9,852427	219,197626
9,862427	218,560061
9,872427	218,050009
9,882427	217,029905
9,892427	215,754774
9,911441	214,607157
9,921441	213,714565
9,931441	213,204513
9,941441	212,439435
9,951441	211,546843
9,961441	210,526739
9,971441	210,526739
9,981441	209,634148
9,991441	209,124095
10,001441	208,103991
10,019891	206,956373
10,029891	206,063782
10,039891	205,426217
10,049891	204,916165
10,059891	204,023573
10,069891	203,768547
10,079891	202,748443
10,089891	202,365904
10,099891	201,600825
10,109891	201,090773
10,125699	200,070669
10,135699	198,923051
10,145699	198,540512
10,155699	197,392895
10,165699	196,500303
10,175699	196,117764
10,185699	195,352686
10,195699	194,332581
10,205699	193,439990
10,215699	192,164860
10,239041	190,124651
10,249041	189,232059
10,259041	188,339468
10,269041	187,701903
10,279041	186,554285
10,289041	186,171746
10,299041	185,151642
10,309041	184,131537
10,319041	183,238946
10,329041	182,856407
10,349184	180,943711
10,359184	180,433659
10,369184	179,413554
10,379184	179,031015
10,389184	178,010911
10,399184	178,138424
10,409184	177,373346
10,419184	176,480754
10,429184	175,333137
10,439184	174,823085
10,462820	173,547954
10,472820	173,292928
10,482820	172,272824
10,492820	171,635258
10,502820	170,487641
10,512820	170,232615
10,522820	169,212510
10,532820	168,574945
10,542820	167,172301
10,552820	166,917275
10,576059	164,111988
10,586059	162,454319
10,596059	161,689240
10,606059	160,159084
10,616059	158,373901
10,626059	157,353797
10,636059	155,568614
10,646059	154,548509
10,656059	153,145866
10,666059	151,360683
10,689089	147,662805
10,699089	146,005135
10,709089	144,347465
10,719089	143,072335
10,729089	141,669691
10,739089	139,884508
10,749089	138,991917
10,759089	137,079221
10,769089	136,569169
10,779089	134,656473
10,798331	132,871291
10,808331	132,616265
10,818331	131,723673
10,828331	131,723673
10,838331	131,213621
10,848331	131,341134
10,858331	130,703569
10,868331	130,831082
10,878331	131,086108
10,888331	130,831082
10,908425	131,086108
10,918425	131,086108
10,928425	130,576056
10,938425	130,448543
10,948425	131,086108
10,958425	131,086108
10,968425	130,831082
10,978425	130,958595
10,988425	130,448543
10,998425	130,448543
11,014316	130,831082
11,024316	130,448543
11,034316	130,576056
11,044316	130,576056
11,054316	130,448543
11,064316	129,810977
11,074316	129,428438
11,084316	129,173412
11,094316	128,408334
11,104316	128,280821
11,127912	126,750664
11,137912	126,240612
11,147912	125,220508
11,157912	124,455429
11,167912	123,817864
11,177912	122,925273
11,187912	122,415220
11,197912	121,395116
11,207912	120,885064
11,217912	119,609933
11,242993	117,824751
11,252993	117,442211
11,262993	116,932159
11,272993	116,039568
11,282993	115,912055
11,292993	115,019464
11,302993	114,891950
11,312993	114,254385
11,322993	113,999359
11,332993	112,979255
11,356611	111,959150
11,366611	110,939046
11,376611	110,428994
11,386611	109,918941
11,396611	108,643811
11,406611	108,643811
11,416611	107,623707
11,426611	106,986141
11,436611	106,476089
11,446611	105,455985
11,465121	104,435880
11,475121	104,053341
11,485121	103,415776
11,495121	103,670802
11,505121	102,395671
11,515121	102,650698
11,525121	101,375567
11,535121	101,375567
11,545121	100,865515
11,555121	100,865515
11,568265	100,100437
11,578265	99,845410
11,588265	99,462871
11,598265	99,207845
11,608265	98,187741
11,618265	98,315254
11,628265	97,550175
11,638265	97,295149
11,648265	96,657584
11,658265	96,657584
11,677521	95,254941
11,687521	94,999914
11,697521	94,744888
11,707521	94,362349
11,717521	94,234836
11,727521	93,979810
11,737521	93,852297
11,747521	93,724784
11,757521	93,469758
11,767521	93,214732
11,782145	93,087219
11,792145	92,577166
11,802145	92,322140
11,812145	91,684575
11,822145	91,557062
11,832145	91,429549
11,842145	91,047010
11,852145	91,174523
11,862145	91,047010
11,872145	90,791984
11,894649	90,536958
11,904649	90,536958
11,914649	90,281932
11,924649	90,409445
11,934649	90,281932
11,944649	90,536958
11,954649	90,536958
11,964649	90,409445
11,974649	90,281932
11,984649	90,409445
12,008172	90,791984
12,018172	90,664471
12,028172	90,281932
12,038172	90,409445
12,048172	90,281932
12,058172	90,536958
12,068172	90,409445
12,078172	90,281932
12,088172	90,791984
12,098172	90,154419
12,117154	90,281932
12,127154	90,154419
12,137154	90,791984
12,147154	90,791984
12,157154	90,664471
12,167154	90,154419
12,177154	90,409445
12,187154	90,409445
12,197154	90,791984
12,207154	90,536958
12,221425	90,154419
12,231425	90,154419
12,241425	90,281932
12,251425	90,791984
12,261425	90,791984
12,271425	90,409445
12,281425	90,536958
12,291425	90,536958
12,301425	90,536958
12,311425	90,409445
12,335573	90,409445
12,345573	90,536958
12,355573	90,791984
12,365573	90,791984
12,375573	90,281932
12,385573	90,536958
12,395573	90,281932
12,405573	90,281932
12,415573	90,791984
12,425573	90,791984
12,448623	90,791984
12,458623	90,154419
12,468623	90,791984
12,478623	90,409445
12,488623	90,536958
12,498623	90,791984
12,508623	90,154419
12,518623	90,154419
12,528623	90,154419
12,538623	90,409445
12,551496	90,536958
12,561496	90,664471
12,571496	90,536958
12,581496	90,281932
12,591496	90,536958
12,601496	90,281932
12,611496	90,536958
12,621496	90,409445
12,631496	90,664471
12,641496	90,409445
12,664160	90,536958
12,674160	90,281932
12,684160	90,154419
12,694160	90,281932
12,704160	90,536958
12,714160	90,281932
12,724160	90,409445
12,734160	90,791984
12,744160	90,536958
12,754160	90,281932
12,774612	90,281932
12,784612	90,281932
12,794612	90,154419
12,804612	90,154419
12,814612	90,281932
12,824612	90,026905
12,834612	90,536958
12,844612	90,409445
12,854612	90,664471
12,864612	90,791984
12,883904	90,536958
12,893904	90,791984
12,903904	90,536958
12,913904	90,536958
12,923904	90,536958
12,933904	90,791984
12,943904	90,536958
12,953904	90,664471
12,963904	90,536958
12,973904	90,536958
12,994623	90,154419
13,004623	90,536958
13,014623	90,791984
13,024623	90,536958
13,034623	90,536958
13,044623	90,281932
13,054623	90,281932
13,064623	90,409445
13,074623	90,919497
13,084623	90,536958
13,105753	90,536958
13,115753	90,664471
13,125753	90,536958
13,135753	90,791984
13,145753	90,026905
13,155753	90,536958
13,165753	90,281932
13,175753	90,791984
13,185753	90,154419
13,195753	90,409445
13,220117	90,919497
13,230117	90,664471
13,240117	90,536958
13,250117	90,409445
13,260117	90,409445
13,270117	90,791984
13,280117	90,154419
13,290117	90,409445
13,300117	90,281932
13,310117	90,409445
13,329112	90,791984
13,339112	90,154419
13,349112	90,664471
13,359112	90,409445
13,369112	90,791984
13,379112	90,409445
13,389112	90,154419
13,399112	90,791984
13,409112	90,409445
13,419112	90,409445
13,436493	90,281932
13,446493	90,791984
13,456493	90,154419
13,466493	90,536958
13,476493	90,536958
13,486493	90,026905
13,496493	90,409445
13,506493	90,536958
13,516493	90,536958
13,526493	90,409445
13,545190	90,409445
13,555190	90,536958
13,565190	90,536958
13,575190	90,154419
13,585190	90,536958
13,595190	90,409445
13,605190	90,409445
13,615190	90,664471
13,625190	90,281932
13,635190	90,536958
13,659029	90,536958
13,669029	90,791984
13,679029	90,536958
13,689029	90,536958
13,699029	90,409445
13,709029	90,409445
13,719029	90,536958
13,729029	90,664471
13,739029	90,281932
13,749029	90,791984
13,773675	90,409445
13,783675	90,536958
13,793675	90,791984
13,803675	90,154419
13,813675	90,791984
13,823675	90,536958
13,833675	90,536958
13,843675	90,409445
13,853675	90,409445
13,863675	90,409445
13,888701	90,791984
13,898701	90,154419
13,908701	90,409445
13,918701	90,409445
13,928701	90,791984
13,938701	90,409445
13,948701	90,791984
13,958701	90,281932
13,968701	90,664471
13,978701	90,536958
14,002537	90,409445
14,012537	90,409445
14,022537	90,664471
14,032537	90,536958
14,042537	90,791984
14,052537	90,154419
14,062537	90,791984
14,072537	90,664471
14,082537	90,281932
14,092537	90,536958
14,115637	90,919497
14,125637	90,281932
14,135637	90,536958
14,145637	90,536958
14,155637	90,154419
14,165637	90,536958
14,175637	90,919497
14,185637	90,026905
14,195637	90,664471
14,205637	90,664471
14,224775	90,281932
14,234775	90,281932
14,244775	90,536958
14,254775	90,791984
14,264775	90,409445
14,274775	90,664471
14,284775	90,409445
14,294775	90,536958
14,304775	90,536958
14,314775	90,536958
14,339618	90,154419
14,349618	90,281932
14,359618	90,281932
14,369618	90,409445
14,379618	90,791984
14,389618	90,791984
14,399618	90,154419
14,409618	90,281932
14,419618	90,026905
14,429618	90,281932
14,450297	90,154419
14,460297	90,536958
14,470297	90,536958
14,480297	90,536958
14,490297	90,919497
14,500297	90,281932
14,510297	90,536958
14,520297	90,791984
14,530297	90,281932
14,540297	90,536958
14,562159	90,409445
14,572159	90,536958
14,582159	90,791984
14,592159	90,536958
14,602159	90,409445
14,612159	90,536958
14,622159	90,791984
14,632159	90,791984
14,642159	90,536958
14,652159	90,026905
14,671430	90,154419
14,681430	90,536958
14,691430	90,919497
14,701430	90,409445
14,711430	90,664471
14,721430	90,536958
14,731430	90,536958
14,741430	90,919497
14,751430	90,664471
14,761430	90,154419
14,783129	90,664471
14,793129	90,536958
14,803129	90,791984
14,813129	90,154419
14,823129	90,791984
14,833129	90,281932
14,843129	90,664471
14,853129	90,791984
14,863129	90,536958
14,873129	90,664471
14,889334	90,791984
14,899334	90,536958
14,909334	90,664471
14,919334	90,281932
14,929334	90,281932
14,939334	90,536958
14,949334	90,536958
14,959334	90,536958
14,969334	90,791984
14,979334	90,154419
15,002656	90,154419
15,012656	90,664471
15,022656	90,919497
15,032656	90,664471
15,042656	90,664471
15,052656	90,536958
15,062656	90,536958
15,072656	90,536958
15,082656	90,536958
15,092656	90,154419
15,116301	90,664471
15,126301	90,664471
15,136301	90,281932
15,146301	90,536958
15,156301	90,409445
15,166301	90,791984
15,176301	90,409445
15,186301	90,536958
15,196301	90,791984
15,206301	90,791984
15,226344	90,536958
15,236344	90,281932
15,246344	90,281932
15,256344	90,154419
15,266344	90,154419
15,276344	90,409445
15,286344	90,154419
15,296344	90,154419
15,306344	90,281932
15,316344	90,409445
15,339306	90,536958
15,349306	90,409445
15,359306	90,791984
15,369306	90,536958
15,379306	90,664471
15,389306	90,536958
15,399306	90,536958
15,409306	90,154419
15,419306	90,281932
15,429306	90,536958
15,452585	90,536958
15,462585	90,919497
15,472585	90,281932
15,482585	90,791984
15,492585	90,536958
15,502585	90,664471
15,512585	90,536958
15,522585	90,791984
15,532585	90,536958
15,542585	90,281932
15,566186	90,281932
15,576186	90,536958
15,586186	90,919497
15,596186	90,281932
15,606186	90,664471
15,616186	90,154419
15,626186	90,791984
15,636186	90,154419
15,646186	90,536958
15,656186	90,536958
15,679969	90,536958
15,689969	90,536958
15,699969	90,536958
15,709969	90,664471
15,719969	90,409445
15,729969	90,664471
15,739969	90,536958
15,749969	90,919497
15,759969	90,281932
15,769969	90,409445
15,793729	90,536958
15,803729	90,154419
15,813729	90,154419
15,823729	90,281932
15,833729	90,409445
15,843729	90,281932
15,853729	90,791984
15,863729	90,281932
15,873729	90,409445
15,883729	90,281932
15,902489	90,664471
15,912489	90,281932
15,922489	90,154419
15,932489	90,664471
15,942489	90,409445
15,952489	90,281932
15,962489	90,026905
15,972489	90,026905
15,982489	89,516853
15,992489	89,006801
16,009540	89,134314
16,019540	88,624262
16,029540	88,114210
16,039540	87,221618
16,049540	86,456540
16,059540	85,946488
16,069540	85,691462
16,079540	84,798870
16,089540	84,671357
16,099540	84,416331
16,122296	83,651253
16,132296	83,268714
16,142296	82,758662
16,152296	82,631148
16,162296	82,503635
16,172296	82,631148
16,182296	83,141201
16,192296	83,013688
16,202296	82,886175
16,212296	82,248609
16,231630	82,248609
16,241630	82,121096
16,251630	81,866070
16,261630	81,356018
16,271630	81,356018
16,281630	81,483531
16,291630	80,845966
16,301630	80,718453
16,311630	80,590940
16,321630	80,718453
16,337166	80,463427
16,347166	80,463427
16,357166	80,590940
16,367166	80,590940
16,377166	80,973479
16,387166	80,080887
16,397166	80,590940
16,407166	80,590940
16,417166	80,590940
16,427166	80,845966
16,450572	80,718453
16,460572	80,208401
16,470572	80,080887
16,480572	80,590940
16,490572	79,698348
16,500572	79,953374
16,510572	79,188296
16,520572	79,060783
16,530572	78,550731
16,540572	77,658139
16,557702	77,530626
16,567702	77,403113
16,577702	76,383009
16,587702	76,383009
16,597702	76,000470
16,607702	75,617931
16,617702	75,235392
16,627702	75,745444
16,637702	74,980365
16,647702	75,490418
16,667348	74,980365
16,677348	74,725339
16,687348	75,107878
16,697348	74,470313
16,707348	74,215287
16,717348	74,215287
16,727348	73,450209
16,737348	73,960261
16,747348	73,067670
16,757348	73,450209
16,780745	72,685130
16,790745	72,940157
16,800745	72,302591
16,810745	71,792539
16,820745	71,665026
16,830745	71,792539
16,840745	71,410000
16,850745	71,282487
16,860745	70,899948
16,870745	70,389896
16,894887	70,134869
16,904887	69,624817
16,914887	70,262383
16,924887	69,369791
16,934887	69,497304
16,944887	69,369791
16,954887	68,987252
16,964887	68,859739
16,974887	68,349687
16,984887	68,604713
17,004058	67,967148
17,014058	67,329582
17,024058	67,329582
17,034058	67,074556
17,044058	66,819530
17,054058	67,074556
17,064058	66,436991
17,074058	66,564504
17,084058	66,819530
17,094058	66,436991
17,110127	66,309478
17,120127	66,436991
17,130127	66,054452
17,140127	65,799426
17,150127	65,799426
17,160127	65,671913
17,170127	66,054452
17,180127	65,799426
17,190127	65,544400
17,200127	65,289374
17,223320	66,054452
17,233320	65,544400
17,243320	65,416887
17,253320	65,799426
17,263320	65,544400
17,273320	65,799426
17,283320	65,544400
17,293320	65,544400
17,303320	65,671913
17,313320	65,799426
17,336144	65,799426
17,346144	65,799426
17,356144	65,799426
17,366144	65,799426
17,376144	65,799426
17,386144	65,416887
17,396144	66,054452
17,406144	65,799426
17,416144	65,544400
17,426144	66,054452
17,450700	66,309478
17,460700	65,416887
17,470700	65,416887
17,480700	65,289374
17,490700	65,161860
17,500700	64,906834
17,510700	64,269269
17,520700	63,759217
17,530700	64,141756
17,540700	63,121652
17,564966	61,974034
17,574966	61,208956
17,584966	60,826417
17,594966	60,571391
17,604966	60,188851
17,614966	60,061338
17,624966	59,933825
17,634966	59,296260
17,644966	58,913721
17,654966	58,658695
17,677683	57,893617
17,687683	57,001025
17,697683	56,618486
17,707683	56,618486
17,717683	56,235947
17,727683	55,470869
17,737683	55,088329
17,747683	54,705790
17,757683	54,195738
17,767683	53,685686
17,787225	53,048121
17,797225	52,538068
17,807225	52,410555
17,817225	52,665581
17,827225	52,283042
17,837225	52,283042
17,847225	52,028016
17,857225	52,410555
17,867225	52,538068
17,877225	52,283042
17,900890	52,155529
17,910890	52,155529
17,920890	51,772990
17,930890	51,772990
17,940890	51,772990
17,950890	51,007912
17,960890	51,007912
17,970890	50,625373
17,980890	50,497860
17,990890	50,497860
18,013300	49,095216
18,023300	48,457651
18,033300	48,330138
18,043300	48,075112
18,053300	47,310033
18,063300	47,182520
18,073300	46,799981
18,083300	46,544955
18,093300	46,162416
18,103300	45,907390
18,125799	45,524851
18,135799	45,397338
18,145799	45,269824
18,155799	45,269824
18,165799	44,632259
18,175799	44,632259
18,185799	43,739668
18,195799	43,739668
18,205799	43,484642
18,215799	42,847076
18,240212	42,337024
18,250212	41,571946
18,260212	40,806868
18,270212	40,679355
18,280212	39,786763
18,290212	39,786763
18,300212	39,404224
18,310212	38,639146
18,320212	38,511633
18,330212	38,001581
18,342971	37,491528
18,352971	37,491528
18,362971	37,108989
18,372971	37,491528
18,382971	37,108989
18,392971	36,726450
18,402971	37,364015
18,412971	36,726450
18,422971	36,853963
18,432971	36,981476
18,457431	36,598937
18,467431	37,364015
18,477431	36,726450
18,487431	37,108989
18,497431	36,981476
18,507431	36,598937
18,517431	37,236502
18,527431	36,726450
18,537431	36,726450
18,547431	36,981476
18,571998	37,108989
18,581998	36,981476
18,591998	36,726450
18,601998	37,236502
18,611998	37,108989
18,621998	36,726450
18,631998	36,726450
18,641998	37,236502
18,651998	36,726450
18,661998	36,471424
18,676030	36,343911
18,686030	35,833859
18,696030	35,323806
18,706030	35,068780
18,716030	34,558728
18,726030	33,666137
18,736030	32,901058
18,746030	32,391006
18,756030	31,880954
18,766030	31,115876
18,790858	29,458206
18,800858	28,948154
18,810858	28,310589
18,820858	27,928049
18,830858	27,928049
18,840858	27,800536
18,850858	27,417997
18,860858	27,417997
18,870858	27,800536
18,880858	27,928049
18,902705	27,800536
18,912705	27,928049
18,922705	27,673023
18,932705	28,183076
18,942705	27,928049
18,952705	28,055563
18,962705	28,055563
18,972705	27,673023
18,982705	27,673023
18,992705	28,055563
19,012352	27,800536
19,022352	27,800536
19,032352	27,545510
19,042352	27,673023
19,052352	27,545510
19,062352	27,673023
19,072352	27,673023
19,082352	27,673023
19,092352	27,673023
19,102352	27,417997
19,117711	27,928049
19,127711	27,800536
19,137711	27,545510
19,147711	27,417997
19,157711	26,652919
19,167711	26,652919
19,177711	25,760328
19,187711	25,505302
19,197711	25,250275
19,207711	24,612710
19,230981	22,572501
19,240981	21,807423
19,250981	20,787319
19,260981	20,404779
19,270981	19,512188
19,280981	18,237058
19,290981	17,599492
19,300981	16,579388
19,310981	15,559284
19,320981	14,284153
19,341055	12,753996
19,351055	11,733892
19,361055	10,586275
19,371055	9,183631
19,381055	7,908500
19,391055	7,015909
19,401055	5,485752
19,411055	4,593161
19,421055	3,063004
19,431055	1,405335
19,455314	-1,654978
19,465314	-2,547570
19,475314	-3,185135
19,485314	-4,077726
19,495314	-5,097831
19,505314	-5,990422
19,515314	-6,755500
19,525314	-7,138040
19,535314	-8,158144
19,545314	-7,520579
19,566733	-7,265553
19,576733	-7,520579
19,586733	-7,393066
19,596733	-7,393066
19,606733	-7,393066
19,616733	-7,393066
19,626733	-7,010527
19,636733	-7,393066
19,646733	-7,138040
19,656733	-7,393066
19,670957	-7,138040
19,680957	-7,520579
19,690957	-6,883014
19,700957	-7,393066
19,710957	-7,393066
19,720957	-7,520579
19,730957	-7,648092
19,740957	-7,265553
19,750957	-7,775605
19,760957	-7,648092
19,785709	-7,393066
19,795709	-7,520579
19,805709	-7,520579
19,815709	-7,393066
19,825709	-7,138040
19,835709	-7,138040
19,845709	-7,138040
19,855709	-7,393066
19,865709	-7,393066
19,875709	-7,138040
19,899864	-7,393066
19,909864	-7,010527
19,919864	-7,138040
19,929864	-7,393066
19,939864	-7,520579
19,949864	-7,648092
19,959864	-7,393066
19,969864	-7,393066
19,979864	-7,393066
19,989864	-7,775605
20,013047	-7,393066
20,023047	-7,393066
20,033047	-7,265553
20,043047	-7,138040
20,053047	-7,393066
20,063047	-7,393066
20,073047	-7,648092
20,083047	-7,393066
20,093047	-7,520579
20,103047	-7,393066
20,124290	-7,010527
20,134290	-7,393066
20,144290	-7,393066
20,154290	-7,138040
20,164290	-7,520579
20,174290	-7,393066
20,184290	-7,393066
20,194290	-7,393066
20,204290	-7,393066
20,214290	-7,010527
20,237472	-7,648092
20,247472	-7,648092
20,257472	-7,393066
20,267472	-7,138040
20,277472	-7,393066
20,287472	-7,265553
20,297472	-7,393066
20,307472	-7,138040
20,317472	-7,010527
20,327472	-7,648092
20,344667	-7,648092
20,354667	-7,265553
20,364667	-7,138040
20,374667	-7,138040
20,384667	-7,393066
20,394667	-7,393066
20,404667	-7,648092
20,414667	-7,648092
20,424667	-7,520579
20,434667	-7,265553
20,454533	-7,265553
20,464533	-7,393066
20,474533	-7,648092
20,484533	-7,648092
20,494533	-7,138040
20,504533	-7,138040
20,514533	-7,265553
20,524533	-7,775605
20,534533	-7,010527
20,544533	-7,010527
20,567027	-6,883014
20,577027	-7,648092
20,587027	-7,138040
20,597027	-7,648092
20,607027	-7,138040
20,617027	-7,265553
20,627027	-7,393066
20,637027	-7,265553
20,647027	-7,138040
20,657027	-6,627987
20,672707	-6,500474
20,682707	-6,245448
20,692707	-5,990422
20,702707	-5,735396
20,712707	-5,607883
20,722707	-5,225344
20,732707	-4,587779
20,742707	-4,970318
20,752707	-4,842805
20,762707	-4,332752
20,782306	-4,332752
20,792306	-4,842805
20,802306	-4,460266
20,812306	-4,715292
20,822306	-4,970318
20,832306	-4,332752
20,842306	-4,842805
20,852306	-5,097831
20,862306	-4,460266
20,872306	-4,970318
20,894963	-4,842805
20,904963	-4,587779
20,914963	-4,842805
20,924963	-4,842805
20,934963	-4,460266
20,944963	-4,715292
20,954963	-4,715292
20,964963	-4,587779
20,974963	-4,842805
20,984963	-4,460266
21,008052	-5,097831
21,018052	-4,970318
21,028052	-4,970318
21,038052	-4,715292
21,048052	-4,715292
21,058052	-4,587779
21,068052	-4,587779
21,078052	-4,842805
21,088052	-4,970318
21,098052	-4,587779
21,119779	-4,842805
21,129779	-4,842805
21,139779	-4,460266
21,149779	-4,970318
21,159779	-4,842805
21,169779	-4,715292
21,179779	-4,587779
21,189779	-4,587779
21,199779	-4,587779
21,209779	-4,460266
21,228908	-4,715292
21,238908	-4,842805
21,248908	-4,970318
21,258908	-4,715292
21,268908	-4,715292
21,278908	-4,460266
21,288908	-4,842805
21,298908	-4,715292
21,308908	-4,587779
21,318908	-4,715292
21,342312	-4,460266
21,352312	-4,332752
21,362312	-4,332752
21,372312	-4,460266
21,382312	-4,970318
21,392312	-4,587779
21,402312	-4,715292
21,412312	-4,715292
21,422312	-4,842805
21,432312	-4,332752
21,447827	-4,715292
21,457827	-4,587779
21,467827	-5,097831
21,477827	-4,587779
21,487827	-4,587779
21,497827	-4,587779
21,507827	-4,460266
21,517827	-4,077726
21,527827	-3,695187
21,537827	-3,567674
21,558031	-2,675083
21,568031	-2,420057
21,578031	-1,654978
21,588031	-1,144926
21,598031	-0,762387
21,608031	0,002691
21,618031	0,895283
21,628031	0,895283
21,638031	1,277822
21,648031	1,532848
21,667485	1,915387
21,677485	1,915387
21,687485	1,915387
21,697485	2,170413
21,707485	1,532848
21,717485	1,532848
21,727485	2,042900
21,737485	1,787874
21,747485	2,170413
21,757485	2,042900
21,777454	2,042900
21,787454	2,170413
21,797454	2,552952
21,807454	2,425439
21,817454	1,915387
21,827454	2,042900
21,837454	2,042900
21,847454	2,170413
21,857454	2,297926
21,867454	2,297926
21,887340	2,552952
21,897340	3,063004
21,907340	3,573057
21,917340	3,445544
21,927340	3,573057
21,937340	4,210622
21,947340	4,338135
21,957340	5,103213
21,967340	5,103213
21,977340	5,485752
21,994300	5,995805
22,004300	6,378344
22,014300	6,378344
22,024300	6,505857
22,034300	6,888396
22,044300	7,143422
22,054300	7,398448
22,064300	7,908500
22,074300	7,908500
22,084300	8,418553
22,102641	8,928605
22,112641	9,056118
22,122641	8,928605
22,132641	9,056118
22,142641	9,183631
22,152641	9,566170
22,162641	9,311144
22,172641	9,183631
22,182641	9,566170
22,192641	9,056118
22,205658	9,183631
22,215658	9,693683
22,225658	9,183631
22,235658	9,183631
22,245658	9,438657
22,255658	9,566170
22,265658	9,183631
22,275658	9,693683
22,285658	9,183631
22,295658	9,693683
22,318138	9,311144
22,328138	9,438657
22,338138	9,438657
22,348138	9,438657
22,358138	9,438657
22,368138	9,438657
22,378138	9,693683
22,388138	9,056118
22,398138	9,438657
22,408138	9,183631
22,431726	9,438657
22,441726	9,183631
22,451726	9,183631
22,461726	9,693683
22,471726	9,566170
22,481726	9,311144
22,491726	9,311144
22,501726	9,821196
22,511726	9,056118
22,521726	9,438657
22,545407	9,183631
22,555407	9,438657
22,565407	9,311144
22,575407	9,566170
22,585407	9,438657
22,595407	9,311144
22,605407	9,183631
22,615407	9,056118
22,625407	9,311144
22,635407	9,183631
22,659185	9,693683
22,669185	9,183631
22,679185	9,438657
22,689185	9,183631
22,699185	9,438657
22,709185	9,438657
22,719185	9,183631
22,729185	9,311144
22,739185	9,693683
22,749185	9,438657
22,768184	9,183631
22,778184	9,693683
22,788184	9,311144
22,798184	9,438657
22,808184	9,438657
22,818184	9,693683
22,828184	9,056118
22,838184	9,566170
22,848184	9,311144
22,858184	9,566170
22,874626	9,438657
22,884626	9,693683
22,894626	9,566170
22,904626	9,056118
22,914626	9,183631
22,924626	9,438657
22,934626	9,311144
22,944626	9,311144
22,954626	9,183631
22,964626	9,566170
22,987560	9,566170
22,997560	9,311144
23,007560	9,183631
23,017560	9,183631
23,027560	9,693683
23,037560	9,693683
23,047560	9,311144
23,057560	9,183631
23,067560	9,438657
23,077560	9,693683
23,102222	9,311144
23,112222	9,183631
23,122222	9,438657
23,132222	9,056118
23,142222	9,438657
23,152222	9,693683
23,162222	9,183631
23,172222	9,183631
23,182222	9,311144
23,192222	9,183631
23,212584	9,693683
23,222584	9,311144
23,232584	9,438657
23,242584	9,311144
23,252584	9,566170
23,262584	9,311144
23,272584	9,693683
23,282584	9,311144
23,292584	8,928605
23,302584	9,566170
23,325688	9,438657
23,335688	9,056118
23,345688	9,311144
23,355688	9,311144
23,365688	9,693683
23,375688	9,821196
23,385688	9,566170
23,395688	9,311144
23,405688	9,056118
23,415688	9,311144
23,438636	9,438657
23,448636	9,438657
23,458636	9,438657
23,468636	9,566170
23,478636	9,183631
23,488636	9,183631
23,498636	9,438657
23,508636	9,693683
23,518636	9,311144
23,528636	9,311144
23,547696	9,311144
23,557696	9,056118
23,567696	9,183631
23,577696	9,566170
23,587696	9,183631
23,597696	9,183631
23,607696	9,183631
23,617696	9,566170
23,627696	9,693683
23,637696	9,566170
23,661154	9,183631
23,671154	9,311144
23,681154	9,438657
23,691154	9,311144
23,701154	9,056118
23,711154	9,438657
23,721154	9,183631
23,731154	9,693683
23,741154	9,311144
23,751154	9,311144
23,763395	9,693683
23,773395	9,693683
23,783395	9,056118
23,793395	9,438657
23,803395	9,566170
23,813395	9,821196
23,823395	9,566170
23,833395	9,566170
23,843395	9,056118
23,853395	9,693683
23,869774	9,183631
23,879774	9,311144
23,889774	9,693683
23,899774	9,183631
23,909774	9,566170
23,919774	9,693683
23,929774	9,438657
23,939774	9,438657
23,949774	9,183631
23,959774	9,566170
23,983265	9,566170
23,993265	9,183631
24,003265	9,183631
24,013265	9,311144
24,023265	9,566170
24,033265	9,311144
24,043265	9,438657
24,053265	9,438657
24,063265	9,438657
24,073265	9,056118
24,091625	9,566170
24,101625	9,311144
24,111625	9,183631
24,121625	9,183631
24,131625	9,438657
24,141625	9,438657
24,151625	9,183631
24,161625	9,693683
24,171625	9,183631
24,181625	9,183631
24,205512	9,566170
24,215512	9,183631
24,225512	9,183631
24,235512	9,438657
24,245512	9,438657
24,255512	9,566170
24,265512	9,183631
24,275512	9,183631
24,285512	9,183631
24,295512	9,311144
24,319385	9,311144
24,329385	9,311144
24,339385	9,693683
24,349385	9,056118
24,359385	9,566170
24,369385	9,183631
24,379385	9,056118
24,389385	9,311144
24,399385	9,183631
24,409385	9,183631
24,432905	9,311144
24,442905	9,056118
24,452905	9,056118
24,462905	9,311144
24,472905	9,566170
24,482905	9,566170
24,492905	9,566170
24,502905	9,438657
24,512905	8,928605
24,522905	9,183631
24,537978	9,056118
24,547978	9,056118
24,557978	9,438657
24,567978	9,821196
24,577978	9,311144
24,587978	9,438657
24,597978	9,311144
24,607978	9,183631
24,617978	9,311144
24,627978	9,056118
24,647117	9,311144
24,657117	9,438657
24,667117	9,566170
24,677117	9,183631
24,687117	9,311144
24,697117	9,183631
24,707117	9,693683
24,717117	9,693683
24,727117	9,566170
24,737117	9,311144
24,755189	9,438657
24,765189	9,438657
24,775189	9,948709
24,785189	9,438657
24,795189	9,693683
24,805189	9,821196
24,815189	9,693683
24,825189	9,693683
24,835189	9,311144
24,845189	9,311144
24,857122	9,183631
24,867122	9,183631
24,877122	9,438657
24,887122	9,056118
24,897122	9,693683
24,907122	9,183631
24,917122	9,693683
24,927122	9,183631
24,937122	9,183631
24,947122	9,438657
24,970796	9,438657
24,980796	9,438657
24,990796	9,183631
25,000796	9,438657
25,010796	9,821196
25,020796	9,821196
25,030796	9,566170
25,040796	9,311144
25,050796	9,311144
25,060796	9,056118
25,080146	9,438657
25,090146	9,693683
25,100146	9,311144
25,110146	9,566170
25,120146	9,438657
25,130146	9,566170
25,140146	9,566170
25,150146	9,311144
25,160146	9,056118
25,170146	9,693683
25,182881	9,438657
25,192881	9,821196
25,202881	9,821196
25,212881	9,438657
25,222881	9,183631
25,232881	9,183631
25,242881	9,311144
25,252881	9,566170
25,262881	9,566170
25,272881	9,438657
25,290532	9,438657
25,300532	9,183631
25,310532	9,438657
25,320532	9,438657
25,330532	9,438657
25,340532	9,566170
25,350532	9,821196
25,360532	9,566170
25,370532	9,438657
25,380532	9,183631
25,400759	9,183631
25,410759	9,183631
25,420759	9,311144
25,430759	9,438657
25,440759	9,438657
25,450759	9,438657
25,460759	9,311144
25,470759	9,438657
25,480759	9,566170
25,490759	9,438657
25,513739	9,311144
25,523739	9,693683
25,533739	10,331248
25,543739	10,203735
25,553739	10,203735
25,563739	10,331248
25,573739	10,076222
25,583739	9,693683
25,593739	9,566170
25,603739	10,076222
25,626661	10,076222
25,636661	10,203735
25,646661	9,693683
25,656661	10,076222
25,666661	9,821196
25,676661	9,821196
25,686661	9,566170
25,696661	9,693683
25,706661	10,203735
25,716661	9,821196
25,740534	9,693683
25,750534	10,076222
25,760534	9,948709
25,770534	10,203735
25,780534	9,948709
25,790534	9,948709
25,800534	10,076222
25,810534	9,948709
25,820534	9,821196
25,830534	9,948709
25,845130	10,076222
25,855130	9,693683
25,865130	9,693683
25,875130	9,948709
25,885130	10,076222
25,895130	10,076222
25,905130	10,203735
25,915130	10,331248
25,925130	10,076222
25,935130	10,076222
25,957002	9,948709
25,967002	10,076222
25,977002	9,948709
25,987002	9,948709
25,997002	10,076222
26,007002	10,203735
26,017002	10,076222
26,027002	10,203735
26,037002	10,076222
26,047002	9,948709
26,067900	10,586275
26,077900	10,841301
26,087900	10,968814
26,097900	11,096327
26,107900	11,861405
26,117900	11,861405
26,127900	11,733892
26,137900	11,606379
26,147900	11,861405
26,157900	12,243944
26,182566	12,243944
26,192566	11,606379
26,202566	11,733892
26,212566	12,116431
26,222566	11,861405
26,232566	11,478866
26,242566	11,861405
26,252566	11,988918
26,262566	12,243944
26,272566	11,606379
26,296596	12,243944
26,306596	11,733892
26,316596	11,861405
26,326596	11,861405
26,336596	11,606379
26,346596	11,988918
26,356596	11,351353
26,366596	11,733892
26,376596	12,116431
26,386596	12,116431
26,410364	12,243944
26,420364	12,243944
26,430364	11,988918
26,440364	11,861405
26,450364	11,478866
26,460364	11,733892
26,470364	11,988918
26,480364	11,988918
26,490364	11,861405
26,500364	11,861405
26,517451	11,988918
26,527451	11,861405
26,537451	11,351353
26,547451	11,861405
26,557451	11,478866
26,567451	11,988918
26,577451	11,988918
26,587451	11,733892
26,597451	12,371457
26,607451	12,243944
26,618931	12,753996
26,628931	12,881509
26,638931	13,264049
26,648931	13,391562
26,658931	13,136536
26,668931	13,136536
26,678931	12,498970
26,688931	13,136536
26,698931	13,009022
26,708931	13,009022
26,728148	12,626483
26,738148	13,009022
26,748148	13,009022
26,758148	12,753996
26,768148	13,136536
26,778148	13,264049
26,788148	13,009022
26,798148	13,136536
26,808148	13,009022
26,818148	13,264049
26,842532	13,136536
26,852532	13,646588
26,862532	13,391562
26,872532	13,519075
26,882532	13,646588
26,892532	14,156640
26,902532	14,539179
26,912532	15,049231
26,922532	14,666692
26,932532	15,049231
26,951257	15,049231
26,961257	15,559284
26,971257	16,069336
26,981257	15,559284
26,991257	16,324362
27,001257	15,686797
27,011257	16,579388
27,021257	16,324362
27,031257	15,814310
27,041257	16,196849
27,063905	16,196849
27,073905	16,834414
27,083905	16,706901
27,093905	16,834414
27,103905	16,834414
27,113905	17,344466
27,123905	17,599492
27,133905	17,471979
27,143905	17,854518
27,153905	18,364571
27,171046	17,982031
27,181046	18,364571
27,191046	18,364571
27,201046	18,237058
27,211046	18,364571
27,221046	17,982031
27,231046	18,109545
27,241046	18,237058
27,251046	18,492084
27,261046	18,364571
27,280301	18,237058
27,290301	17,982031
27,300301	18,237058
27,310301	18,492084
27,320301	17,982031
27,330301	18,364571
27,340301	18,492084
27,350301	18,492084
27,360301	18,364571
27,370301	19,129649
27,393688	19,002136
27,403688	19,257162
27,413688	19,257162
27,423688	19,257162
27,433688	19,002136
27,443688	19,129649
27,453688	19,257162
27,463688	19,512188
27,473688	19,512188
27,483688	19,257162
27,507806	19,384675
27,517806	19,129649
27,527806	19,002136
27,537806	19,257162
27,547806	19,257162
27,557806	19,257162
27,567806	19,129649
27,577806	19,129649
27,587806	19,002136
27,597806	19,257162
27,616422	19,129649
27,626422	18,874623
27,636422	19,257162
27,646422	19,384675
27,656422	19,129649
27,666422	19,257162
27,676422	19,512188
27,686422	18,874623
27,696422	19,129649
27,706422	19,512188
27,726653	19,257162
27,736653	19,639701
27,746653	20,277266
27,756653	20,149753
27,766653	19,894727
27,776653	20,404779
27,786653	20,404779
27,796653	20,787319
27,806653	20,914832
27,816653	20,914832
27,836435	21,169858
27,846435	21,042345
27,856435	21,042345
27,866435	21,552397
27,876435	21,424884
27,886435	21,552397
27,896435	21,169858
27,906435	20,787319
27,916435	21,042345
27,926435	21,424884
27,943867	21,424884
27,953867	21,297371
27,963867	21,552397
27,973867	21,169858
27,983867	21,297371
27,993867	21,042345
28,003867	21,297371
28,013867	21,169858
28,023867	21,042345
28,033867	21,297371
28,052679	21,169858
28,062679	21,424884
28,072679	20,914832
28,082679	21,297371
28,092679	21,424884
28,102679	20,914832
28,112679	21,424884
28,122679	21,807423
28,132679	22,062449
28,142679	22,189962
28,162630	22,827527
28,172630	23,082554
28,182630	22,955040
28,192630	23,592606
28,202630	23,592606
28,212630	23,465093
28,222630	23,975145
28,232630	24,102658
28,242630	24,102658
28,252630	23,975145
28,277570	24,740223
28,287570	24,612710
28,297570	25,250275
28,307570	25,250275
28,317570	25,122762
28,327570	24,995249
28,337570	25,250275
28,347570	25,505302
28,357570	25,505302
28,367570	25,632815
28,387326	25,632815
28,397326	26,142867
28,407326	26,015354
28,417326	25,632815
28,427326	25,760328
28,437326	26,397893
28,447326	26,142867
28,457326	26,015354
28,467326	26,652919
28,477326	26,270380
28,501367	27,162971
28,511367	27,290484
28,521367	27,545510
28,531367	27,673023
28,541367	28,310589
28,551367	28,438102
28,561367	28,183076
28,571367	28,438102
28,581367	28,565615
28,591367	28,438102
28,615006	29,075667
28,625006	29,075667
28,635006	29,330693
28,645006	29,075667
28,655006	29,203180
28,665006	29,458206
28,675006	29,203180
28,685006	29,330693
28,695006	29,713232
28,705006	29,840745
28,720968	30,350797
28,730968	30,350797
28,740968	30,605824
28,750968	30,478311
28,760968	30,605824
28,770968	30,988363
28,780968	30,733337
28,790968	31,370902
28,800968	31,115876
28,810968	30,988363
28,831445	31,115876
28,841445	30,860850
28,851445	31,115876
28,861445	31,370902
28,871445	31,370902
28,881445	31,498415
28,891445	31,370902
28,901445	30,988363
28,911445	31,498415
28,921445	31,243389
28,941214	31,243389
28,951214	31,625928
28,961214	31,625928
28,971214	31,370902
28,981214	30,988363
28,991214	31,625928
29,001214	31,115876
29,011214	31,625928
29,021214	31,243389
29,031214	31,243389
29,055367	31,115876
29,065367	32,008467
29,075367	32,135980
29,085367	32,008467
29,095367	32,391006
29,105367	32,646032
29,115367	33,538624
29,125367	33,156085
29,135367	33,666137
29,145367	33,793650
29,163016	34,303702
29,173016	34,176189
29,183016	34,558728
29,193016	34,303702
29,203016	35,196293
29,213016	34,686241
29,223016	34,941267
29,233016	34,941267
29,243016	35,196293
29,253016	34,686241
29,277388	35,196293
29,287388	34,813754
29,297388	34,686241
29,307388	34,941267
29,317388	34,941267
29,327388	34,941267
29,337388	34,813754
29,347388	34,941267
29,357388	35,323806
29,367388	34,941267
29,390681	35,196293
29,400681	35,068780
29,410681	34,686241
29,420681	35,068780
29,430681	34,941267
29,440681	34,686241
29,450681	35,196293
29,460681	34,941267
29,470681	35,196293
29,480681	35,068780
29,505414	35,196293
29,515414	34,813754
29,525414	34,941267
29,535414	35,578833
29,545414	34,813754
29,555414	35,196293
29,565414	34,813754
29,575414	34,558728
29,585414	35,196293
29,595414	34,558728
29,619922	34,686241
29,629922	35,323806
29,639922	34,813754
29,649922	35,451320
29,659922	35,068780
29,669922	35,323806
29,679922	34,686241
29,689922	34,941267
29,699922	35,323806
29,709922	35,068780
29,726276	34,686241
29,736276	35,196293
29,746276	34,558728
29,756276	35,196293
29,766276	34,686241
29,776276	35,451320
29,786276	34,686241
29,796276	34,558728
29,806276	35,196293
29,816276	34,941267
29,831847	34,686241
29,841847	34,813754
29,851847	34,941267
29,861847	34,686241
29,871847	35,196293
29,881847	34,941267
29,891847	35,196293
29,901847	34,941267
29,911847	35,196293
29,921847	36,343911
29,938716	37,108989
29,948716	37,236502
29,958716	37,874067
29,968716	38,766659
29,978716	39,021685
29,988716	39,659250
29,998716	39,404224
30,008716	39,531737
30,018716	39,404224
30,028716	39,276711
30,048476	39,404224
30,058476	39,531737
30,068476	39,276711
30,078476	39,404224
30,088476	39,021685
30,098476	39,149198
30,108476	39,276711
30,118476	39,659250
30,128476	39,149198
30,138476	39,276711
30,163015	39,786763
30,173015	40,169302
30,183015	39,786763
30,193015	40,041789
30,203015	40,169302
30,213015	40,679355
30,223015	40,806868
30,233015	40,806868
30,243015	40,806868
30,253015	41,316920
30,276605	41,316920
30,286605	41,316920
30,296605	41,699459
30,306605	41,316920
30,316605	41,699459
30,326605	41,699459
30,336605	41,699459
30,346605	41,316920
30,356605	41,061894
30,366605	41,189407
30,384033	41,571946
30,394033	41,189407
30,404033	41,189407
30,414033	41,061894
30,424033	40,934381
30,434033	41,316920
30,444033	41,444433
30,454033	41,699459
30,464033	41,316920
30,474033	41,316920
30,499040	42,337024
30,509040	42,081998
30,519040	43,229616
30,529040	43,357129
30,539040	43,484642
30,549040	44,249720
30,559040	44,887285
30,569040	45,014798
30,579040	45,269824
30,589040	45,524851
30,613175	45,524851
30,623175	45,779877
30,633175	45,652364
30,643175	45,269824
30,653175	45,397338
30,663175	45,907390
30,673175	45,269824
30,683175	45,907390
30,693175	45,524851
30,703175	45,779877
30,714593	45,524851
30,724593	45,397338
30,734593	45,397338
30,744593	45,652364
30,754593	45,907390
30,764593	46,162416
30,774593	46,799981
30,784593	47,182520
30,794593	47,182520
30,804593	47,692572
30,825297	48,330138
30,835297	48,712677
30,845297	48,967703
30,855297	49,095216
30,865297	49,222729
30,875297	49,222729
30,885297	49,987807
30,895297	49,987807
30,905297	50,497860
30,915297	50,115320
30,938798	51,390451
30,948798	51,772990
30,958798	52,028016
30,968798	51,772990
30,978798	51,645477
30,988798	51,900503
30,998798	52,028016
31,008798	52,665581
31,018798	52,920608
31,028798	52,920608
31,052368	53,430660
31,062368	53,558173
31,072368	53,940712
31,082368	54,068225
31,092368	54,323251
31,102368	54,068225
31,112368	54,195738
31,122368	53,940712
31,132368	53,685686
31,142368	54,068225
31,164794	54,068225
31,174794	53,813199
31,184794	53,940712
31,194794	54,195738
31,204794	54,323251
31,214794	54,068225
31,224794	54,068225
31,234794	53,813199
31,244794	54,068225
31,254794	54,068225
31,278798	54,450764
31,288798	54,195738
31,298798	54,068225
31,308798	54,578277
31,318798	54,450764
31,328798	54,068225
31,338798	54,068225
31,348798	54,323251
31,358798	54,578277
31,368798	54,705790
31,393155	54,960816
31,403155	55,343356
31,413155	55,215842
31,423155	55,215842
31,433155	55,215842
31,443155	55,088329
31,453155	54,960816
31,463155	55,598382
31,473155	55,980921
31,483155	55,980921
31,504587	56,235947
31,514587	57,128538
31,524587	57,128538
31,534587	57,128538
31,544587	57,128538
31,554587	57,511077
31,564587	58,021130
31,574587	57,638590
31,584587	57,638590
31,594587	57,638590
31,617195	57,766103
31,627195	57,893617
31,637195	58,021130
31,647195	57,638590
31,657195	57,638590
31,667195	57,638590
31,677195	57,638590
31,687195	57,383564
31,697195	58,021130
31,707195	57,893617
31,723874	57,893617
31,733874	57,638590
31,743874	58,276156
31,753874	58,786208
31,763874	58,658695
31,773874	58,658695
31,783874	58,913721
31,793874	59,296260
31,803874	59,168747
31,813874	59,551286
31,837064	60,316365
31,847064	60,188851
31,857064	59,806312
31,867064	60,061338
31,877064	60,188851
31,887064	60,443878
31,897064	60,953930
31,907064	61,336469
31,917064	61,591495
31,927064	61,719008
31,950783	62,229060
31,960783	62,611599
31,970783	63,121652
31,980783	63,376678
31,990783	63,504191
32,000783	64,014243
32,010783	63,504191
32,020783	63,759217
32,030783	64,141756
32,040783	64,396782
32,063573	64,269269
32,073573	64,269269
32,083573	64,651808
32,093573	64,779321
32,103573	64,269269
32,113573	64,779321
32,123573	64,906834
32,133573	65,034347
32,143573	65,289374
32,153573	64,651808
32,173165	64,906834
32,183165	65,416887
32,193165	65,289374
32,203165	65,289374
32,213165	65,671913
32,223165	66,054452
32,233165	65,926939
32,243165	66,309478
32,253165	66,054452
32,263165	66,564504
32,286009	66,436991
32,296009	66,564504
32,306009	67,074556
32,316009	67,329582
32,326009	66,947043
32,336009	66,947043
32,346009	66,819530
32,356009	67,202069
32,366009	66,819530
32,376009	66,819530
32,399587	67,457095
32,409587	67,202069
32,419587	66,947043
32,429587	67,839635
32,439587	67,457095
32,449587	67,712121
32,459587	67,457095
32,469587	68,094661
32,479587	68,094661
32,489587	68,094661
32,510160	67,967148
32,520160	68,349687
32,530160	68,732226
32,540160	68,477200
32,550160	68,477200
32,560160	68,604713
32,570160	68,732226
32,580160	68,094661
32,590160	68,859739
32,600160	68,477200
32,617592	69,114765
32,627592	69,242278
32,637592	69,242278
32,647592	68,987252
32,657592	69,114765
32,667592	69,369791
32,677592	69,242278
32,687592	69,879843
32,697592	69,624817
32,707592	70,134869
32,730001	70,134869
32,740001	70,517409
32,750001	70,772435
32,760001	70,899948
32,770001	71,027461
32,780001	71,282487
32,790001	71,537513
32,800001	71,665026
32,810001	71,537513
32,820001	72,430104
32,835965	72,685130
32,845965	72,940157
32,855965	72,812644
32,865965	72,812644
32,875965	73,322696
32,885965	73,705235
32,895965	73,577722
32,905965	73,705235
32,915965	74,215287
32,925965	74,725339
32,945812	74,852852
32,955812	75,107878
32,965812	75,235392
32,975812	75,490418
32,985812	75,617931
32,995812	76,127983
33,005812	76,127983
33,015812	76,638035
33,025812	76,383009
33,035812	76,893061
33,056747	77,530626
33,066747	77,785653
33,076747	78,295705
33,086747	78,423218
33,096747	78,423218
33,106747	78,550731
33,116747	78,933270
33,126747	79,060783
33,136747	79,188296
33,146747	79,315809
33,170879	79,953374
33,180879	79,698348
33,190879	80,080887
33,200879	80,463427
33,210879	80,080887
33,220879	80,463427
33,230879	80,718453
33,240879	80,718453
33,250879	80,590940
33,260879	80,463427
33,279518	80,718453
33,289518	80,973479
33,299518	80,718453
33,309518	80,590940
33,319518	80,463427
33,329518	80,208401
33,339518	80,208401
33,349518	80,208401
33,359518	80,463427
33,369518	80,718453
33,385510	80,335914
33,395510	80,590940
33,405510	80,335914
33,415510	80,590940
33,425510	80,845966
33,435510	80,718453
33,445510	80,208401
33,455510	80,590940
33,465510	80,845966
33,475510	80,973479
33,497262	80,463427
33,507262	80,973479
33,517262	80,590940
33,527262	80,463427
33,537262	80,845966
33,547262	80,973479
33,557262	80,973479
33,567262	81,100992
33,577262	80,973479
33,587262	81,611044
33,610755	82,376122
33,620755	83,013688
33,630755	83,651253
33,640755	83,906279
33,650755	83,651253
33,660755	84,161305
33,670755	84,416331
33,680755	85,053896
33,690755	84,671357
33,700755	84,798870
33,719123	85,691462
33,729123	85,691462
33,739123	85,691462
33,749123	86,074001
33,759123	86,329027
33,769123	86,584053
33,779123	86,456540
33,789123	86,584053
33,799123	86,711566
33,809123	86,839079
33,820881	87,094105
33,830881	87,349131
33,840881	87,604157
33,850881	87,731671
33,860881	87,604157
33,870881	87,476644
33,880881	87,604157
33,890881	87,731671
33,900881	87,604157
33,910881	87,604157
33,922556	88,241723
33,932556	88,114210
33,942556	87,731671
33,952556	88,114210
33,962556	88,241723
33,972556	87,859184
33,982556	88,241723
33,992556	88,114210
34,002556	87,731671
34,012556	88,241723
34,036401	87,859184
34,046401	88,496749
34,056401	88,241723
34,066401	88,369236
34,076401	88,369236
34,086401	88,369236
34,096401	88,751775
34,106401	89,516853
34,116401	89,771879
34,126401	89,899392
34,144924	90,154419
34,154924	90,536958
34,164924	90,791984
34,174924	91,047010
34,184924	91,174523
34,194924	91,812088
34,204924	91,812088
34,214924	92,067114
34,224924	92,449653
34,234924	92,832193
34,257504	92,959706
34,267504	92,704680
34,277504	93,214732
34,287504	93,597271
34,297504	93,469758
34,307504	93,342245
34,317504	93,214732
34,327504	93,469758
34,337504	93,342245
34,347504	93,087219
34,372118	93,214732
34,382118	93,214732
34,392118	92,832193
34,402118	93,214732
34,412118	93,469758
34,422118	93,342245
34,432118	93,342245
34,442118	93,087219
34,452118	93,214732
34,462118	92,959706
34,484414	93,214732
34,494414	93,342245
34,504414	93,214732
34,514414	93,597271
34,524414	93,724784
34,534414	93,979810
34,544414	94,362349
34,554414	94,744888
34,564414	94,617375
34,574414	95,382454
34,599122	95,892506
34,609122	96,402558
34,619122	96,657584
34,629122	97,167636
34,639122	97,422662
34,649122	98,315254
34,659122	98,825306
34,669122	98,952819
34,679122	99,335358
34,689122	99,462871
34,712417	100,993028
34,722417	100,993028
34,732417	101,503080
34,742417	101,375567
34,752417	101,375567
34,762417	101,375567
34,772417	101,758106
34,782417	101,758106
34,792417	101,758106
34,802417	102,013132
34,820226	102,268158
34,830226	102,395671
34,840226	103,033237
34,850226	103,160750
34,860226	103,543289
34,870226	103,543289
34,880226	103,160750
34,890226	103,670802
34,900226	104,308367
34,910226	104,180854
34,934370	104,563393
34,944370	104,690906
34,954370	104,563393
34,964370	104,435880
34,974370	104,818419
34,984370	104,818419
34,994370	105,200959
35,004370	104,818419
35,014370	105,073446
35,024370	105,328472
35,048071	105,455985
35,058071	105,583498
35,068071	105,711011
35,078071	105,711011
35,088071	105,838524
35,098071	106,093550
35,108071	105,966037
35,118071	106,093550
35,128071	105,966037
35,138071	106,221063
35,158109	106,348576
35,168109	106,731115
35,178109	106,986141
35,188109	107,113654
35,198109	106,986141
35,208109	107,241167
35,218109	107,113654
35,228109	107,496193
35,238109	107,241167
35,248109	108,133759
35,265353	108,006246
35,275353	108,261272
35,285353	108,006246
35,295353	107,878733
35,305353	108,643811
35,315353	108,388785
35,325353	108,771324
35,335353	108,261272
35,345353	108,898837
35,355353	108,771324
35,380264	109,408889
35,390264	109,536402
35,400264	108,898837
35,410264	109,536402
35,420264	109,536402
35,430264	109,408889
35,440264	110,046455
35,450264	109,791428
35,460264	110,173968
35,470264	110,046455
35,489868	109,918941
35,499868	109,918941
35,509868	110,173968
35,519868	109,918941
35,529868	110,301481
35,539868	110,428994
35,549868	110,556507
35,559868	110,684020
35,569868	110,684020
35,579868	110,684020
35,599585	111,066559
35,609585	111,066559
35,619585	111,194072
35,629585	111,704124
35,639585	111,576611
35,649585	111,576611
35,659585	112,086663
35,669585	111,704124
35,679585	111,704124
35,689585	111,831637
35,713870	112,214176
35,723870	112,851742
35,733870	112,469202
35,743870	112,979255
35,753870	113,106768
35,763870	112,724229
35,773870	113,489307
35,783870	113,234281
35,793870	113,999359
35,803870	113,616820
35,824162	114,764437
35,834162	114,636924
35,844162	114,891950
35,854162	115,274490
35,864162	115,402003
35,874162	115,784542
35,884162	115,912055
35,894162	116,039568
35,904162	116,167081
35,914162	116,422107
35,930040	116,932159
35,940040	117,314698
35,950040	117,442211
35,960040	117,697238
35,970040	117,824751
35,980040	118,334803
35,990040	118,207290
36,000040	118,717342
36,010040	119,354907
36,020040	119,227394
36,033553	119,482420
36,043553	119,864959
36,053553	120,119986
36,063553	120,247499
36,073553	120,630038
36,083553	121,012577
36,093553	121,012577
36,103553	121,140090
36,113553	121,395116
36,123553	121,395116
36,142479	121,905168
36,152479	121,905168
36,162479	122,542734
36,172479	122,032681
36,182479	122,925273
36,192479	122,670247
36,202479	123,052786
36,212479	123,180299
36,222479	123,180299
36,232479	123,307812
36,248731	123,180299
36,258731	123,945377
36,268731	123,817864
36,278731	123,817864
36,288731	124,072890
36,298731	124,200403
36,308731	124,327916
36,318731	124,582942
36,328731	124,837968
36,338731	125,220508
36,363342	125,730560
36,373342	125,475534
36,383342	125,220508
36,393342	125,475534
36,403342	126,113099
36,413342	125,858073
36,423342	126,495638
36,433342	125,858073
36,443342	126,750664
36,453342	126,623151
36,476322	127,388229
36,486322	126,878177
36,496322	127,515743
36,506322	127,515743
36,516322	127,005690
36,526322	127,515743
36,536322	127,515743
36,546322	127,388229
36,556322	127,515743
36,566322	127,515743
36,585840	127,388229
36,595840	127,515743
36,605840	127,133203
36,615840	127,260716
36,625840	127,770769
36,635840	127,515743
36,645840	127,898282
36,655840	127,260716
36,665840	127,133203
36,675840	127,260716
36,698217	127,643256
36,708217	127,770769
36,718217	127,515743
36,728217	127,515743
36,738217	127,770769
36,748217	127,515743
36,758217	127,643256
36,768217	128,153308
36,778217	128,280821
36,788217	127,898282
36,810994	128,535847
36,820994	129,173412
36,830994	129,300925
36,840994	129,938491
36,850994	129,683464
36,860994	129,938491
36,870994	130,193517
36,880994	130,703569
36,890994	130,576056
36,900994	131,213621
36,913356	130,958595
36,923356	131,341134
36,933356	132,106212
36,943356	132,106212
36,953356	132,361238
36,963356	132,616265
36,973356	132,743778
36,983356	133,126317
36,993356	132,998804
37,003356	133,253830
37,027055	134,401447
37,037055	134,401447
37,047055	134,401447
37,057055	134,783986
37,067055	134,783986
37,077055	134,656473
37,087055	135,549065
37,097055	135,039013
37,107055	135,421552
37,117055	135,166526
37,139955	135,804091
37,149955	136,314143
37,159955	135,931604
37,169955	136,314143
37,179955	136,441656
37,189955	136,314143
37,199955	136,824195
37,209955	136,951708
37,219955	137,079221
37,229955	137,079221
37,248141	137,589274
37,258141	137,716787
37,268141	137,461761
37,278141	138,099326
37,288141	137,844300
37,298141	137,716787
37,308141	138,481865
37,318141	138,099326
37,328141	138,226839
37,338141	138,609378
37,354397	138,736891
37,364397	138,226839
37,374397	138,609378
37,384397	138,736891
37,394397	138,226839
37,404397	138,481865
37,414397	138,481865
37,424397	138,609378
37,434397	138,481865
37,444397	138,354352
37,461229	138,481865
37,471229	138,736891
37,481229	138,354352
37,491229	138,864404
37,501229	138,736891
37,511229	138,864404
37,521229	138,226839
37,531229	138,609378
37,541229	138,609378
37,551229	138,609378
37,574152	138,609378
37,584152	138,991917
37,594152	139,374456
37,604152	139,756995
37,614152	139,884508
37,624152	140,139535
37,634152	140,139535
37,644152	140,777100
37,654152	140,777100
37,664152	140,904613
37,686845	141,797204
37,696845	141,924717
37,706845	142,052230
37,716845	142,179743
37,726845	141,924717
37,736845	142,944822
37,746845	142,817309
37,756845	142,562283
37,766845	142,944822
37,776845	142,944822
37,798816	142,944822
37,808816	143,327361
37,818816	143,327361
37,828816	143,327361
37,838816	143,582387
37,848816	143,327361
37,858816	143,709900
37,868816	143,327361
37,878816	144,219952
37,888816	143,837413
37,911463	144,474978
37,921463	144,602491
37,931463	145,112544
37,941463	144,985031
37,951463	144,730004
37,961463	145,240057
37,971463	145,750109
37,981463	145,622596
37,991463	145,495083
38,001463	146,005135
38,017589	145,877622
38,027589	146,005135
38,037589	146,387674
38,047589	146,132648
38,057589	146,642700
38,067589	146,897726
38,077589	147,025239
38,087589	146,642700
38,097589	146,897726
38,107589	146,770213
38,131192	146,897726
38,141192	146,897726
38,151192	146,515187
38,161192	146,897726
38,171192	146,897726
38,181192	147,152752
38,191192	146,897726
38,201192	146,897726
38,211192	146,642700
38,221192	146,515187
38,241523	146,897726
38,251523	146,642700
38,261523	146,897726
38,271523	147,280265
38,281523	147,025239
38,291523	147,025239
38,301523	147,025239
38,311523	146,642700
38,321523	147,025239
38,331523	147,025239
38,354411	147,025239
38,364411	147,662805
38,374411	147,662805
38,384411	147,407779
38,394411	147,790318
38,404411	148,300370
38,414411	147,917831
38,424411	148,172857
38,434411	148,427883
38,444411	148,937935
38,467281	149,447987
38,477281	149,830526
38,487281	150,340579
38,497281	150,085553
38,507281	150,723118
38,517281	151,105657
38,527281	150,978144
38,537281	151,233170
38,547281	151,743222
38,557281	152,253274
38,580962	152,890840
38,590962	153,145866
38,600962	153,145866
38,610962	153,528405
38,620962	153,528405
38,630962	153,910944
38,640962	153,783431
38,650962	154,165970
38,660962	154,420996
38,670962	154,676022
38,694670	154,931049
38,704670	155,696127
38,714670	155,313588
38,724670	155,823640
38,734670	156,078666
38,744670	156,461205
38,754670	156,078666
38,764670	156,716231
38,774670	156,333692
38,784670	157,226283
38,807109	157,353797
38,817109	157,736336
38,827109	157,991362
38,837109	158,118875
38,847109	158,246388
38,857109	158,628927
38,867109	158,756440
38,877109	159,011466
38,887109	159,266492
38,897109	159,138979
38,920331	159,394005
38,930331	159,776544
38,940331	160,414110
38,950331	160,031571
38,960331	160,159084
38,970331	160,541623
38,980331	160,669136
38,990331	160,924162
39,000331	160,924162
39,010331	161,179188
39,027377	161,051675
39,037377	161,944266
39,047377	162,071779
39,057377	162,199292
39,067377	162,199292
39,077377	162,454319
39,087377	162,326806
39,097377	162,964371
39,107377	163,219397
39,117377	162,709345
39,129616	163,601936
39,139616	163,601936
39,149616	163,601936
39,159616	163,729449
39,169616	163,729449
39,179616	163,984475
39,189616	164,239501
39,199616	164,239501
39,209616	164,111988
39,219616	164,494527
39,241198	164,367014
39,251198	164,239501
39,261198	164,111988
39,271198	164,367014
39,281198	164,367014
39,291198	164,239501
39,301198	164,239501
39,311198	164,367014
39,321198	164,622040
39,331198	164,749553
39,351056	164,494527
39,361056	164,367014
39,371056	164,749553
39,381056	165,132093
39,391056	164,749553
39,401056	164,494527
39,411056	164,749553
39,421056	164,877067
39,431056	165,259606
39,441056	165,259606
39,462989	165,132093
39,472989	165,514632
39,482989	165,897171
39,492989	166,279710
39,502989	166,152197
39,512989	166,024684
39,522989	166,789762
39,532989	166,279710
39,542989	166,789762
39,552989	167,554841
39,575412	167,809867
39,585412	167,299815
39,595412	167,554841
39,605412	168,064893
39,615412	168,447432
39,625412	168,319919
39,635412	168,064893
39,645412	167,937380
39,655412	168,319919
39,665412	168,829971
39,683367	168,829971
39,693367	168,447432
39,703367	168,702458
39,713367	169,212510
39,723367	169,212510
39,733367	169,340023
39,743367	169,340023
39,753367	169,467536
39,763367	169,850076
39,773367	170,232615
39,793356	170,232615
39,803356	170,232615
39,813356	170,487641
39,823356	170,742667
39,833356	170,870180
39,843356	170,870180
39,853356	170,997693
39,863356	170,870180
39,873356	171,380232
39,883356	171,380232
39,896969	171,635258
39,906969	171,380232
39,916969	171,507745
39,926969	171,252719
39,936969	171,125206
39,946969	171,380232
39,956969	171,380232
39,966969	171,380232
39,976969	171,125206
39,986969	171,252719
40,006283	171,890284
40,016283	172,017797
40,026283	171,762771
40,036283	172,145310
40,046283	172,782876
40,056283	172,655363
40,066283	172,910389
40,076283	172,527850
40,086283	172,527850
40,096283	172,782876
40,114249	173,165415
40,124249	173,292928
40,134249	173,547954
40,144249	173,675467
40,154249	173,675467
40,164249	173,292928
40,174249	173,292928
40,184249	173,675467
40,194249	173,420441
40,204249	173,547954
40,226469	174,313032
40,236469	174,823085
40,246469	175,078111
40,256469	175,078111
40,266469	175,460650
40,276469	175,715676
40,286469	175,588163
40,296469	175,588163
40,306469	175,715676
40,316469	176,480754
40,333277	177,118319
40,343277	176,990806
40,353277	177,245833
40,363277	177,245833
40,373277	177,755885
40,383277	178,138424
40,393277	177,755885
40,403277	177,755885
40,413277	178,010911
40,423277	178,265937
40,442084	178,648476
40,452084	178,393450
40,462084	178,903502
40,472084	179,031015
40,482084	179,668580
40,492084	179,541067
40,502084	179,158528
40,512084	179,158528
40,522084	179,286041
40,532084	179,668580
40,548671	179,796094
40,558671	179,923607
40,568671	179,796094
40,578671	180,306146
40,588671	180,306146
40,598671	180,561172
40,608671	180,561172
40,618671	180,688685
40,628671	180,561172
40,638671	180,561172
40,651187	180,943711
40,661187	181,071224
40,671187	180,688685
40,681187	181,326250
40,691187	181,453763
40,701187	181,326250
40,711187	181,581276
40,721187	182,091328
40,731187	182,091328
40,741187	182,346355
40,759468	181,963815
40,769468	182,091328
40,779468	182,473868
40,789468	182,601381
40,799468	182,473868
40,809468	182,601381
40,819468	182,601381
40,829468	183,111433
40,839468	183,366459
40,849468	183,493972
40,873832	183,748998
40,883832	183,621485
40,893832	183,876511
40,903832	183,876511
40,913832	183,621485
40,923832	184,386563
40,933832	184,131537
40,943832	184,131537
40,953832	184,386563
40,963832	184,004024
40,983878	184,641589
40,993878	184,769103
41,003878	184,641589
41,013878	185,279155
41,023878	185,151642
41,033878	185,406668
41,043878	185,151642
41,053878	185,534181
41,063878	185,151642
41,073878	185,406668
41,098106	186,171746
41,108106	185,534181
41,118106	186,299259
41,128106	185,916720
41,138106	186,554285
41,148106	185,916720
41,158106	186,044233
41,168106	186,426772
41,178106	186,681798
41,188106	186,681798
41,211272	187,064337
41,221272	187,574390
41,231272	187,701903
41,241272	187,701903
41,251272	187,701903
41,261272	187,829416
41,271272	188,084442
41,281272	187,829416
41,291272	187,956929
41,301272	188,466981
41,324167	188,722007
41,334167	188,722007
41,344167	188,977033
41,354167	189,487085
41,364167	189,359572
41,374167	189,614598
41,384167	189,997138
41,394167	189,487085
41,404167	190,252164
41,414167	190,252164
41,437282	190,252164
41,447282	190,507190
41,457282	190,252164
41,467282	190,507190
41,477282	190,634703
41,487282	190,507190
41,497282	190,379677
41,507282	190,634703
41,517282	190,634703
41,527282	190,634703
41,549405	190,634703
41,559405	191,017242
41,569405	190,762216
41,579405	190,762216
41,589405	191,527294
41,599405	191,272268
41,609405	191,272268
41,619405	191,399781
41,629405	191,399781
41,639405	192,037346
41,662895	192,164860
41,672895	192,037346
41,682895	191,782320
41,692895	192,547399
41,702895	192,164860
41,712895	192,419886
41,722895	192,419886
41,732895	192,419886
41,742895	192,802425
41,752895	192,929938
41,774880	193,312477
41,784880	193,184964
41,794880	193,695016
41,804880	193,822529
41,814880	193,822529
41,824880	193,567503
41,834880	194,205068
41,844880	194,460094
41,854880	194,587607
41,864880	194,077555
41,883620	194,587607
41,893620	195,097660
41,903620	195,480199
41,913620	194,970147
41,923620	195,480199
41,933620	195,607712
41,943620	195,607712
41,953620	195,735225
41,963620	195,480199
41,973620	196,245277
41,993670	195,990251
42,003670	196,372790
42,013670	196,245277
42,023670	195,862738
42,033670	196,245277
42,043670	196,372790
42,053670	196,372790
42,063670	196,245277
42,073670	196,245277
42,083670	196,627816
42,105687	196,372790
42,115687	196,500303
42,125687	196,117764
42,135687	196,500303
42,145687	196,882842
42,155687	196,372790
42,165687	196,627816
42,175687	197,265382
42,185687	197,010355
42,195687	197,392895
42,218856	197,265382
42,228856	197,265382
42,238856	197,265382
42,248856	197,137869
42,258856	197,392895
42,268856	197,775434
42,278856	197,265382
42,288856	197,775434
42,298856	197,392895
42,308856	197,137869
42,333199	197,392895
42,343199	197,265382
42,353199	197,902947
42,363199	197,265382
42,373199	197,265382
42,383199	197,392895
42,393199	197,265382
42,403199	197,520408
42,413199	197,520408
42,423199	197,392895
42,443219	197,520408
42,453219	197,647921
42,463219	197,775434
42,473219	197,265382
42,483219	197,137869
42,493219	197,775434
42,503219	197,647921
42,513219	197,647921
42,523219	197,520408
42,533219	197,265382
42,556373	197,392895
42,566373	197,520408
42,576373	197,392895
42,586373	197,775434
42,596373	197,520408
42,606373	197,265382
42,616373	197,392895
42,626373	197,647921
42,636373	197,902947
42,646373	197,520408
42,661247	197,137869
42,671247	197,647921
42,681247	197,520408
42,691247	197,520408
42,701247	197,775434
42,711247	197,520408
42,721247	197,392895
42,731247	197,520408
42,741247	197,902947
42,751247	197,775434
42,771020	197,520408
42,781020	197,902947
42,791020	197,775434
42,801020	197,902947
42,811020	197,647921
42,821020	197,902947
42,831020	197,265382
42,841020	197,137869
42,851020	197,647921
42,861020	197,520408
42,884458	197,775434
42,894458	197,647921
42,904458	197,137869
42,914458	197,137869
42,924458	197,647921
42,934458	197,265382
42,944458	197,265382
42,954458	197,520408
42,964458	197,265382
42,974458	197,265382
42,999206	197,775434
43,009206	197,902947
43,019206	197,647921
43,029206	197,265382
43,039206	197,392895
43,049206	197,775434
43,059206	197,647921
43,069206	197,520408
43,079206	197,775434
43,089206	197,902947
43,103967	197,775434
43,113967	197,647921
43,123967	197,265382
43,133967	197,520408
43,143967	197,775434
43,153967	197,647921
43,163967	197,265382
43,173967	197,775434
43,183967	197,392895
43,193967	197,265382
43,218422	197,647921
43,228422	197,520408
43,238422	197,010355
43,248422	197,775434
43,258422	197,392895
43,268422	197,520408
43,278422	197,520408
43,288422	197,265382
43,298422	197,775434
43,308422	197,137869
43,326544	197,265382
43,336544	197,775434
43,346544	197,010355
43,356544	197,647921
43,366544	197,520408
43,376544	197,265382
43,386544	197,520408
43,396544	197,392895
43,406544	197,392895
43,416544	197,520408
43,434370	197,392895
43,444370	197,520408
43,454370	197,520408
43,464370	197,775434
43,474370	197,137869
43,484370	197,520408
43,494370	197,647921
43,504370	197,520408
43,514370	197,775434
43,524370	197,137869
43,541389	197,392895
43,551389	197,647921
43,561389	197,137869
43,571389	197,775434
43,581389	197,520408
43,591389	197,647921
43,601389	197,265382
43,611389	197,775434
43,621389	197,392895
43,631389	197,902947
43,644071	197,392895
43,654071	197,392895
43,664071	197,902947
43,674071	197,137869
43,684071	197,392895
43,694071	197,647921
43,704071	197,647921
43,714071	197,647921
43,724071	197,775434
43,734071	197,137869
43,757135	197,520408
43,767135	197,775434
43,777135	197,647921
43,787135	197,392895
43,797135	197,265382
43,807135	197,647921
43,817135	197,392895
43,827135	197,010355
43,837135	197,265382
43,847135	197,902947
43,863900	197,520408
43,873900	197,520408
43,883900	197,647921
43,893900	197,137869
43,903900	197,392895
43,913900	197,520408
43,923900	197,647921
43,933900	197,520408
43,943900	197,775434
43,953900	197,647921
43,967158	197,647921
43,977158	197,902947
43,987158	197,520408
43,997158	197,520408
44,007158	197,775434
44,017158	197,520408
44,027158	197,775434
44,037158	197,392895
44,047158	197,520408
44,057158	197,902947
