1.533748	-0.13766028
1.543748	-0.15041158
1.553748	-0.15041158
1.563748	-0.1427608
1.573748	-0.1427608
1.583748	-0.15296184
1.593748	-0.14786132
1.603748	-0.13766028
1.613748	-0.14531106
1.623748	-0.1427608
1.635706	-0.15296184
1.645706	-0.14786132
1.655706	-0.14021054
1.665706	-0.14786132
1.675706	-0.14786132
1.685706	-0.1427608
1.695706	-0.14531106
1.705706	-0.14531106
1.715706	-0.14021054
1.725706	-0.15296184
1.744302	-0.14531106
1.754302	-0.14786132
1.764302	-0.14786132
1.774302	-0.15296184
1.784302	-0.14021054
1.794302	-0.1427608
1.804302	-0.14021054
1.814302	-0.13511
1.824302	-0.14531106
1.834302	-0.14531106
1.856989	-0.13766028
1.866989	-0.14786132
1.876989	-0.13766028
1.886989	-0.14786132
1.896989	-0.1427608
1.906989	-0.13766028
1.916989	-0.15041158
1.926989	-0.14531106
1.936989	-0.14021054
1.946989	-0.15296184
1.966677	-0.14531106
1.976677	-0.14786132
1.986677	-0.14531106
1.996677	-0.14531106
2.006677	-0.13766028
2.016677	-0.14021054
2.026677	-0.14786132
2.036677	-0.1427608
2.046677	-0.14021054
2.056677	-0.14786132
2.080843	-0.13511
2.090843	-0.15296184
2.100843	-0.1427608
2.110843	-0.14531106
2.120843	-0.14786132
2.130843	-0.1555121
2.140843	-0.14021054
2.150843	-0.15041158
2.160843	-0.1427608
2.170843	-0.15041158
2.190385	-0.1427608
2.200385	-0.14531106
2.210385	-0.15296184
2.220385	-0.14531106
2.230385	-0.15296184
2.240385	-0.15041158
2.250385	-0.13766028
2.260385	-0.13766028
2.270385	-0.14531106
2.280385	-0.14021054
2.297233	-0.14786132
2.307233	-0.15296184
2.317233	-0.14531106
2.327233	-0.14021054
2.337233	-0.14021054
2.347233	-0.14531106
2.357233	-0.14531106
2.367233	-0.1555121
2.377233	-0.15296184
2.387233	-0.14786132
2.412047	-0.13766028
2.422047	-0.15296184
2.432047	-0.14786132
2.442047	-0.1427608
2.452047	-0.13766028
2.462047	-0.14786132
2.472047	-0.14786132
2.482047	-0.14531106
2.492047	-0.14531106
2.502047	-0.14021054
2.521466	-0.15041158
2.531466	-0.14786132
2.541466	-0.15296184
2.551466	-0.1427608
2.561466	-0.13766028
2.571466	-0.15041158
2.581466	-0.14531106
2.591466	-0.15041158
2.601466	-0.14531106
2.611466	-0.14786132
2.632211	-0.14786132
2.642211	-0.14531106
2.652211	-0.14531106
2.662211	-0.14786132
2.672211	-0.1555121
2.682211	-0.14021054
2.692211	-0.15296184
2.702211	-0.1427608
2.712211	-0.15296184
2.722211	-0.14531106
2.746724	-0.14786132
2.756724	-0.1427608
2.766724	-0.14786132
2.776724	-0.14531106
2.786724	-0.14786132
2.796724	-0.15296184
2.806724	-0.15296184
2.816724	-0.14786132
2.826724	-0.14021054
2.836724	-0.14531106
2.859497	-0.14021054
2.869497	-0.14021054
2.879497	-0.15296184
2.889497	-0.14021054
2.899497	-0.14531106
2.909497	-0.1427608
2.919497	-0.14786132
2.929497	-0.14786132
2.939497	-0.1555121
2.949497	-0.14531106
2.973278	-0.1223587
2.983278	-0.10450688
2.993278	-0.08665504
3.003278	-0.05350166
3.013278	-0.0305493
3.023278	0.0153554
3.033278	0.06126008
3.043278	0.099514
3.053278	0.16072026
3.063278	0.2244768
3.087847	0.3621909
3.097847	0.42849768
3.107847	0.48970394
3.117847	0.5254076
3.127847	0.56621178
3.137847	0.5968149
3.147847	0.64016934
3.157847	0.66822222
3.167847	0.70392586
3.177847	0.74217978
3.19764	0.81613736
3.20764	0.84929074
3.21764	0.89264518
3.22764	0.92069806
3.23764	0.96150224
3.24764	0.99465562
3.25764	1.04056032
3.26764	1.09921632
3.27764	1.12981946
3.28764	1.1859252
3.311515	1.3363906
3.321515	1.4154487
3.331515	1.486856
3.341515	1.55826332
3.351515	1.6500727
3.361515	1.72148002
3.371515	1.81838994
3.381515	1.9127496
3.391515	1.99180768
3.401515	2.09126786
3.418547	2.26978614
3.428547	2.35649502
3.438547	2.45085468
3.448547	2.55286512
3.458547	2.64212424
3.468547	2.74668494
3.478547	2.8410446
3.488547	2.93540426
3.498547	3.0374147
3.508547	3.1292241
3.526796	3.30774238
3.536796	3.39445124
3.546796	3.4888109
3.556796	3.57296952
3.566796	3.6596784
3.576796	3.74638728
3.586796	3.8228951
3.596796	3.89940294
3.606796	3.98101128
3.616796	4.04986834
3.640726	4.21308504
3.650726	4.28194208
3.660726	4.33549756
3.670726	4.39670384
3.680726	4.45025932
3.690726	4.51401584
3.700726	4.57012158
3.710726	4.6211268
3.720726	4.67213202
3.730726	4.7129362
3.755394	4.837899
3.765394	4.87870316
3.775394	4.92460786
3.785394	4.96286178
3.795394	5.01641726
3.805394	5.05212092
3.815394	5.09037484
3.825394	5.12862874
3.835394	5.16178214
3.845394	5.20258632
3.867977	5.28674494
3.877977	5.3275491
3.887977	5.37090354
3.897977	5.40405694
3.907977	5.42955954
3.917977	5.46271294
3.927977	5.49076582
3.937977	5.52901972
3.947977	5.55962286
3.957977	5.590226
3.971087	5.63358044
3.981087	5.66418356
3.991087	5.6947867
4.001087	5.7202893
4.011087	5.74324166
4.021087	5.7789453
4.031087	5.81464896
4.041087	5.83760132
4.051087	5.8580034
4.061087	5.88605628
4.084575	5.95746358
4.094575	5.97786566
4.104575	6.00081802
4.114575	6.03142116
4.124575	6.0543735
4.134575	6.0798761
4.144575	6.09517768
4.154575	6.12833106
4.164575	6.15638394
4.174575	6.18188656
4.194495	6.2379923
4.204495	6.25839438
4.214495	6.28899752
4.224495	6.32470116
4.234495	6.36040482
4.244495	6.37825664
4.254495	6.4139603
4.264495	6.44456344
4.274495	6.4726163
4.284495	6.5057697
4.307226	6.57207648
4.317226	6.60267962
4.327226	6.62563196
4.337226	6.66388588
4.347226	6.68428798
4.357226	6.71744136
4.367226	6.7480445
4.377226	6.77099684
4.387226	6.80159998
4.397226	6.83730364
4.422225	6.9112612
4.432225	6.94186434
4.442225	6.95971616
4.452225	6.9903193
4.462225	7.01837216
4.472225	7.04387478
4.482225	7.08977948
4.492225	7.1076313
4.502225	7.1280334
4.512225	7.1662873
4.529478	7.19689044
4.539478	7.2249433
4.549478	7.25554644
4.559478	7.28359932
4.569478	7.31420244
4.579478	7.32950402
4.589478	7.35245636
4.599478	7.38560976
4.609478	7.41111236
4.619478	7.43406472
4.636513	7.46976836
4.646513	7.5003715
4.656513	7.52332384
4.666513	7.5462762
4.676513	7.56922854
4.686513	7.58197986
4.696513	7.61003272
4.706513	7.63298508
4.716513	7.65338716
4.726513	7.67633952
4.742176	7.70184212
4.752176	7.7222442
4.762176	7.74774682
4.772176	7.75794786
4.782176	7.7681489
4.792176	7.79875204
4.802176	7.8140536
4.812176	7.82170438
4.822176	7.8344557
4.832176	7.85485778
4.856899	7.89056144
4.866899	7.91351378
4.876899	7.9186143
4.886899	7.93646614
4.896899	7.95686822
4.906899	7.98237084
4.916899	8.00277292
4.926899	8.01297396
4.936899	8.0308258
4.946899	8.04867762
4.968637	8.09458232
4.978637	8.09713258
4.988637	8.12518546
4.998637	8.13793676
5.008637	8.15068806
5.018637	8.17874094
5.028637	8.18384146
5.038637	8.20169328
5.048637	8.21444458
5.058637	8.23739694
5.078643	8.27055034
5.088643	8.2731006
5.098643	8.29095242
5.108643	8.30625398
5.118643	8.31645502
5.128643	8.34195764
5.138643	8.3445079
5.148643	8.36746024
5.158643	8.38021156
5.168643	8.39551312
5.185422	8.42611626
5.195422	8.4363173
5.205422	8.45671938
5.215422	8.482222
5.225422	8.49242304
5.235422	8.5077246
5.245422	8.5281267
5.255422	8.54597852
5.265422	8.56383034
5.275422	8.56893088
5.298621	8.61738582
5.308621	8.63523766
5.318621	8.65308948
5.328621	8.67349158
5.338621	8.68624288
5.348621	8.70154444
5.358621	8.71174548
5.368621	8.73979836
5.378621	8.75254966
5.388621	8.7627507
5.407428	8.78825332
5.417428	8.81120566
5.427428	8.8290575
5.437428	8.84945958
5.447428	8.85711036
5.457428	8.87751246
5.467428	8.89791454
5.477428	8.91576636
5.487428	8.9336182
5.497428	8.95147002
5.510334	8.96932186
5.520334	8.99482446
5.530334	9.01777682
5.540334	9.03052812
5.550334	9.04582968
5.560334	9.06623178
5.570334	9.08153334
5.580334	9.0968349
5.590334	9.10703594
5.600334	9.13253856
5.616052	9.14784012
5.626052	9.16569196
5.636052	9.18099352
5.646052	9.18099352
5.656052	9.19629508
5.666052	9.20394586
5.676052	9.21669718
5.686052	9.21669718
5.696052	9.23199874
5.706052	9.2217977
5.725345	9.234549
5.735345	9.234549
5.745345	9.234549
5.755345	9.23964952
5.765345	9.23709926
5.775345	9.234549
5.785345	9.24219978
5.795345	9.2473003
5.805345	9.2473003
5.815345	9.2677024
5.83002	9.27280292
5.84002	9.28810448
5.85002	9.29065474
5.86002	9.29830552
5.87002	9.30850656
5.88002	9.31870762
5.89002	9.32890866
5.90002	9.34165996
5.91002	9.35951178
5.92002	9.3850144
5.938399	9.41561754
5.948399	9.43346936
5.958399	9.4564217
5.968399	9.47937406
5.978399	9.49977614
5.988399	9.52782902
5.998399	9.55588188
6.008399	9.5813845
6.018399	9.6272892
6.028399	9.65534206
6.047757	9.72929964
6.057757	9.77010382
6.067757	9.81855878
6.077757	9.85936294
6.087757	9.86191322
6.097757	9.86191322
6.107757	9.85936294
6.117757	9.86191322
6.127757	9.86446348
6.137757	9.86701374
6.159576	9.85426242
6.169576	9.86191322
6.179576	9.85936294
6.189576	9.86446348
6.199576	9.86701374
6.209576	9.86446348
6.219576	9.86701374
6.229576	9.85936294
6.239576	9.85171216
6.249576	9.85681268
6.269487	9.85681268
6.279487	9.85426242
6.289487	9.85681268
6.299487	9.86191322
6.309487	9.86446348
6.319487	9.869564
6.329487	9.86446348
6.339487	9.85936294
6.349487	9.86191322
6.359487	9.85681268
6.38013	9.85936294
6.39013	9.86191322
6.40013	9.85936294
6.41013	9.86191322
6.42013	9.85426242
6.43013	9.86191322
6.44013	9.85936294
6.45013	9.86701374
6.46013	9.86446348
6.47013	9.85171216
6.487763	9.85681268
6.497763	9.85426242
6.507763	9.86701374
6.517763	9.85171216
6.527763	9.85681268
6.537763	9.85936294
6.547763	9.86191322
6.557763	9.85426242
6.567763	9.86446348
6.577763	9.85426242
6.596087	9.86446348
6.606087	9.85426242
6.616087	9.86191322
6.626087	9.86191322
6.636087	9.86446348
6.646087	9.85681268
6.656087	9.85426242
6.666087	9.86701374
6.676087	9.869564
6.686087	9.85426242
6.709358	9.86191322
6.719358	9.86191322
6.729358	9.86446348
6.739358	9.85936294
6.749358	9.85171216
6.759358	9.86191322
6.769358	9.86191322
6.779358	9.86191322
6.789358	9.85936294
6.799358	9.85426242
6.824564	9.85171216
6.834564	9.85426242
6.844564	9.85426242
6.854564	9.85681268
6.864564	9.85171216
6.874564	9.85426242
6.884564	9.85426242
6.894564	9.85426242
6.904564	9.85426242
6.914564	9.86446348
6.935448	9.85426242
6.945448	9.85936294
6.955448	9.85681268
6.965448	9.86446348
6.975448	9.85936294
6.985448	9.85426242
6.995448	9.86446348
7.005448	9.85936294
7.015448	9.86191322
7.025448	9.86191322
7.041043	9.86191322
7.051043	9.85426242
7.061043	9.85936294
7.071043	9.86446348
7.081043	9.86701374
7.091043	9.85936294
7.101043	9.85426242
7.111043	9.85171216
7.121043	9.85936294
7.131043	9.86446348
7.155877	9.85426242
7.165877	9.86701374
7.175877	9.85936294
7.185877	9.85426242
7.195877	9.85171216
7.205877	9.85936294
7.215877	9.85681268
7.225877	9.86191322
7.235877	9.85936294
7.245877	9.85426242
7.270816	9.85936294
7.280816	9.85681268
7.290816	9.85936294
7.300816	9.85171216
7.310816	9.86446348
7.320816	9.85171216
7.330816	9.86191322
7.340816	9.85681268
7.350816	9.86191322
7.360816	9.86191322
7.373306	9.85936294
7.383306	9.86191322
7.393306	9.85681268
7.403306	9.86191322
7.413306	9.85426242
7.423306	9.85936294
7.433306	9.85681268
7.443306	9.85936294
7.453306	9.85426242
7.463306	9.86191322
7.479822	9.85936294
7.489822	9.85681268
7.499822	9.85426242
7.509822	9.86446348
7.519822	9.85426242
7.529822	9.86446348
7.539822	9.85426242
7.549822	9.86446348
7.559822	9.86191322
7.569822	9.85426242
7.592851	9.86446348
7.602851	9.85936294
7.612851	9.86191322
7.622851	9.85426242
7.632851	9.86701374
7.642851	9.85426242
7.652851	9.86701374
7.662851	9.85681268
7.672851	9.85936294
7.682851	9.86191322
7.707507	9.85681268
7.717507	9.85936294
7.727507	9.85426242
7.737507	9.86191322
7.747507	9.86446348
7.757507	9.85171216
7.767507	9.86446348
7.777507	9.85426242
7.787507	9.85936294
7.797507	9.85426242
7.821135	9.86446348
7.831135	9.85426242
7.841135	9.86446348
7.851135	9.85681268
7.861135	9.86191322
7.871135	9.86191322
7.881135	9.86446348
7.891135	9.85171216
7.901135	9.86446348
7.911135	9.85426242
7.927459	9.86191322
7.937459	9.85936294
7.947459	9.86701374
7.957459	9.86701374
7.967459	9.85936294
7.977459	9.85936294
7.987459	9.85426242
7.997459	9.85426242
8.007459	9.86191322
8.017459	9.86191322
8.030404	9.86446348
8.040404	9.85681268
8.050404	9.85426242
8.060404	9.85426242
8.070404	9.85426242
8.080404	9.86191322
8.090404	9.86446348
8.100404	9.86701374
8.110404	9.86446348
8.120404	9.86446348
8.142017	9.85426242
8.152017	9.85681268
8.162017	9.85681268
8.172017	9.86446348
8.182017	9.86191322
8.192017	9.85936294
8.202017	9.85426242
8.212017	9.86191322
8.222017	9.86701374
8.232017	9.85936294
8.251796	9.85681268
8.261796	9.85936294
8.271796	9.86446348
8.281796	9.86191322
8.291796	9.85936294
8.301796	9.85681268
8.311796	9.85681268
8.321796	9.85681268
8.331796	9.85936294
8.341796	9.85681268
8.358275	9.86446348
8.368275	9.85171216
8.378275	9.85681268
8.388275	9.85681268
8.398275	9.85171216
8.408275	9.85426242
8.418275	9.85171216
8.428275	9.869564
8.438275	9.85681268
8.448275	9.85936294
8.465099	9.85681268
8.475099	9.86446348
8.485099	9.85426242
8.495099	9.85936294
8.505099	9.84661164
8.515099	9.8364106
8.525099	9.83896086
8.535099	9.82110904
8.545099	9.8236593
8.555099	9.81345826
8.574727	9.79560642
8.584727	9.7905059
8.594727	9.77010382
8.604727	9.74970172
8.614727	9.7190986
8.624727	9.6986965
8.634727	9.65024154
8.644727	9.58648502
8.654727	9.51762798
8.664727	9.43346936
8.687303	9.21159664
8.697303	9.12233752
8.707303	9.03052812
8.717303	8.95657054
8.727303	8.86731142
8.737303	8.78825332
8.747303	8.71174548
8.757303	8.6326874
8.767303	8.55872982
8.777303	8.482222
8.79816	8.32410582
8.80816	8.2526985
8.81816	8.18384146
8.82816	8.09713258
8.83816	8.0308258
8.84816	7.96706926
8.85816	7.90076248
8.86816	7.84210648
8.87816	7.788551
8.88816	7.73754578
8.912221	7.60748246
8.922221	7.56922854
8.932221	7.51822332
8.942221	7.46211758
8.952221	7.41366262
8.962221	7.36775792
8.972221	7.31420244
8.982221	7.26829774
8.992221	7.23769462
9.002221	7.18923966
9.021465	7.09488
9.031465	7.05152556
9.041465	7.0030706
9.051465	6.9571659
9.061465	6.91381146
9.071465	6.87045702
9.081465	6.82965286
9.091465	6.7735471
9.101465	6.72764242
9.111465	6.69193876
9.131185	6.6103304
9.141185	6.56952622
9.151185	6.52872206
9.161185	6.48791788
9.171185	6.44966396
9.181185	6.41141004
9.191185	6.37570638
9.201185	6.33745248
9.211185	6.29409804
9.221185	6.25839438
9.243985	6.17678602
9.253985	6.14108238
9.263985	6.10282846
9.273985	6.06457454
9.283985	6.02887088
9.293985	5.99826776
9.303985	5.96511436
9.313985	5.9370615
9.323985	5.90135784
9.333985	5.86310392
9.358149	5.79424688
9.368149	5.75599296
9.378149	5.73049034
9.388149	5.707538
9.398149	5.66928408
9.408149	5.648882
9.418149	5.62082912
9.428149	5.59532652
9.438149	5.56727364
9.448149	5.53922078
9.471424	5.46781346
9.481424	5.44231086
9.491424	5.40915746
9.501424	5.38875538
9.511424	5.35560198
9.521424	5.32244858
9.531424	5.28419466
9.541424	5.25359154
9.551424	5.2229884
9.561424	5.19493554
9.5842	5.11077692
9.5942	5.08017378
9.6042	5.04447014
9.6142	5.00621622
9.6242	4.97306282
9.6342	4.93990944
9.6442	4.91440682
9.6542	4.88125342
9.6642	4.84299952
9.6742	4.8174969
9.695581	4.76394142
9.705581	4.73078802
9.715581	4.69763464
9.725581	4.68233306
9.735581	4.64662942
9.745581	4.61347602
9.755581	4.59307394
9.765581	4.56502106
9.775581	4.55226976
9.785581	4.52166662
9.802427	4.48596296
9.812427	4.46301062
9.822427	4.44260854
9.832427	4.437508
9.842427	4.40690488
9.852427	4.38395252
9.862427	4.37120122
9.872427	4.36100018
9.882427	4.3405981
9.892427	4.31509548
9.911441	4.29214314
9.921441	4.2742913
9.931441	4.26409026
9.941441	4.2487887
9.951441	4.23093686
9.961441	4.21053478
9.971441	4.21053478
9.981441	4.19268296
9.991441	4.1824819
10.001441	4.16207982
10.019891	4.13912746
10.029891	4.12127564
10.039891	4.10852434
10.049891	4.0983233
10.059891	4.08047146
10.069891	4.07537094
10.079891	4.05496886
10.089891	4.04731808
10.099891	4.0320165
10.109891	4.02181546
10.125699	4.00141338
10.135699	3.97846102
10.145699	3.97081024
10.155699	3.9478579
10.165699	3.93000606
10.175699	3.92235528
10.185699	3.90705372
10.195699	3.88665162
10.205699	3.8687998
10.215699	3.8432972
10.239041	3.80249302
10.249041	3.78464118
10.259041	3.76678936
10.269041	3.75403806
10.279041	3.7310857
10.289041	3.72343492
10.299041	3.70303284
10.309041	3.68263074
10.319041	3.66477892
10.329041	3.65712814
10.349184	3.61887422
10.359184	3.60867318
10.369184	3.58827108
10.379184	3.5806203
10.389184	3.56021822
10.399184	3.56276848
10.409184	3.54746692
10.419184	3.52961508
10.429184	3.50666274
10.439184	3.4964617
10.46282	3.47095908
10.47282	3.46585856
10.48282	3.44545648
10.49282	3.43270516
10.50282	3.40975282
10.51282	3.4046523
10.52282	3.3842502
10.53282	3.3714989
10.54282	3.34344602
10.55282	3.3383455
10.576059	3.28223976
10.586059	3.24908638
10.596059	3.2337848
10.606059	3.20318168
10.616059	3.16747802
10.626059	3.14707594
10.636059	3.11137228
10.646059	3.09097018
10.656059	3.06291732
10.666059	3.02721366
10.689089	2.9532561
10.699089	2.9201027
10.709089	2.8869493
10.719089	2.8614467
10.729089	2.83339382
10.739089	2.79769016
10.749089	2.77983834
10.759089	2.74158442
10.769089	2.73138338
10.779089	2.69312946
10.798331	2.65742582
10.808331	2.6523253
10.818331	2.63447346
10.828331	2.63447346
10.838331	2.62427242
10.848331	2.62682268
10.858331	2.61407138
10.868331	2.61662164
10.878331	2.62172216
10.888331	2.61662164
10.908425	2.62172216
10.918425	2.62172216
10.928425	2.61152112
10.938425	2.60897086
10.948425	2.62172216
10.958425	2.62172216
10.968425	2.61662164
10.978425	2.6191719
10.988425	2.60897086
10.998425	2.60897086
11.014316	2.61662164
11.024316	2.60897086
11.034316	2.61152112
11.044316	2.61152112
11.054316	2.60897086
11.064316	2.59621954
11.074316	2.58856876
11.084316	2.58346824
11.094316	2.56816668
11.104316	2.56561642
11.127912	2.53501328
11.137912	2.52481224
11.147912	2.50441016
11.157912	2.48910858
11.167912	2.47635728
11.177912	2.45850546
11.187912	2.4483044
11.197912	2.42790232
11.207912	2.41770128
11.217912	2.39219866
11.242993	2.35649502
11.252993	2.34884422
11.262993	2.33864318
11.272993	2.32079136
11.282993	2.3182411
11.292993	2.30038928
11.302993	2.297839
11.312993	2.2850877
11.322993	2.27998718
11.332993	2.2595851
11.356611	2.239183
11.366611	2.21878092
11.376611	2.20857988
11.386611	2.19837882
11.396611	2.17287622
11.406611	2.17287622
11.416611	2.15247414
11.426611	2.13972282
11.436611	2.12952178
11.446611	2.1091197
11.465121	2.0887176
11.475121	2.08106682
11.485121	2.06831552
11.495121	2.07341604
11.505121	2.04791342
11.515121	2.05301396
11.525121	2.02751134
11.535121	2.02751134
11.545121	2.0173103
11.555121	2.0173103
11.568265	2.00200874
11.578265	1.9969082
11.588265	1.98925742
11.598265	1.9841569
11.608265	1.96375482
11.618265	1.96630508
11.628265	1.9510035
11.638265	1.94590298
11.648265	1.93315168
11.658265	1.93315168
11.677521	1.90509882
11.687521	1.89999828
11.697521	1.89489776
11.707521	1.88724698
11.717521	1.88469672
11.727521	1.8795962
11.737521	1.87704594
11.747521	1.87449568
11.757521	1.86939516
11.767521	1.86429464
11.782145	1.86174438
11.792145	1.85154332
11.802145	1.8464428
11.812145	1.8336915
11.822145	1.83114124
11.832145	1.82859098
11.842145	1.8209402
11.852145	1.82349046
11.862145	1.8209402
11.872145	1.81583968
11.894649	1.81073916
11.904649	1.81073916
11.914649	1.80563864
11.924649	1.8081889
11.934649	1.80563864
11.944649	1.81073916
11.954649	1.81073916
11.964649	1.8081889
11.974649	1.80563864
11.984649	1.8081889
12.008172	1.81583968
12.018172	1.81328942
12.028172	1.80563864
12.038172	1.8081889
12.048172	1.80563864
12.058172	1.81073916
12.068172	1.8081889
12.078172	1.80563864
12.088172	1.81583968
12.098172	1.80308838
12.117154	1.80563864
12.127154	1.80308838
12.137154	1.81583968
12.147154	1.81583968
12.157154	1.81328942
12.167154	1.80308838
12.177154	1.8081889
12.187154	1.8081889
12.197154	1.81583968
12.207154	1.81073916
12.221425	1.80308838
12.231425	1.80308838
12.241425	1.80563864
12.251425	1.81583968
12.261425	1.81583968
12.271425	1.8081889
12.281425	1.81073916
12.291425	1.81073916
12.301425	1.81073916
12.311425	1.8081889
12.335573	1.8081889
12.345573	1.81073916
12.355573	1.81583968
12.365573	1.81583968
12.375573	1.80563864
12.385573	1.81073916
12.395573	1.80563864
12.405573	1.80563864
12.415573	1.81583968
12.425573	1.81583968
12.448623	1.81583968
12.458623	1.80308838
12.468623	1.81583968
12.478623	1.8081889
12.488623	1.81073916
12.498623	1.81583968
12.508623	1.80308838
12.518623	1.80308838
12.528623	1.80308838
12.538623	1.8081889
12.551496	1.81073916
12.561496	1.81328942
12.571496	1.81073916
12.581496	1.80563864
12.591496	1.81073916
12.601496	1.80563864
12.611496	1.81073916
12.621496	1.8081889
12.631496	1.81328942
12.641496	1.8081889
12.66416	1.81073916
12.67416	1.80563864
12.68416	1.80308838
12.69416	1.80563864
12.70416	1.81073916
12.71416	1.80563864
12.72416	1.8081889
12.73416	1.81583968
12.74416	1.81073916
12.75416	1.80563864
12.774612	1.80563864
12.784612	1.80563864
12.794612	1.80308838
12.804612	1.80308838
12.814612	1.80563864
12.824612	1.8005381
12.834612	1.81073916
12.844612	1.8081889
12.854612	1.81328942
12.864612	1.81583968
12.883904	1.81073916
12.893904	1.81583968
12.903904	1.81073916
12.913904	1.81073916
12.923904	1.81073916
12.933904	1.81583968
12.943904	1.81073916
12.953904	1.81328942
12.963904	1.81073916
12.973904	1.81073916
12.994623	1.80308838
13.004623	1.81073916
13.014623	1.81583968
13.024623	1.81073916
13.034623	1.81073916
13.044623	1.80563864
13.054623	1.80563864
13.064623	1.8081889
13.074623	1.81838994
13.084623	1.81073916
13.105753	1.81073916
13.115753	1.81328942
13.125753	1.81073916
13.135753	1.81583968
13.145753	1.8005381
13.155753	1.81073916
13.165753	1.80563864
13.175753	1.81583968
13.185753	1.80308838
13.195753	1.8081889
13.220117	1.81838994
13.230117	1.81328942
13.240117	1.81073916
13.250117	1.8081889
13.260117	1.8081889
13.270117	1.81583968
13.280117	1.80308838
13.290117	1.8081889
13.300117	1.80563864
13.310117	1.8081889
13.329112	1.81583968
13.339112	1.80308838
13.349112	1.81328942
13.359112	1.8081889
13.369112	1.81583968
13.379112	1.8081889
13.389112	1.80308838
13.399112	1.81583968
13.409112	1.8081889
13.419112	1.8081889
13.436493	1.80563864
13.446493	1.81583968
13.456493	1.80308838
13.466493	1.81073916
13.476493	1.81073916
13.486493	1.8005381
13.496493	1.8081889
13.506493	1.81073916
13.516493	1.81073916
13.526493	1.8081889
13.54519	1.8081889
13.55519	1.81073916
13.56519	1.81073916
13.57519	1.80308838
13.58519	1.81073916
13.59519	1.8081889
13.60519	1.8081889
13.61519	1.81328942
13.62519	1.80563864
13.63519	1.81073916
13.659029	1.81073916
13.669029	1.81583968
13.679029	1.81073916
13.689029	1.81073916
13.699029	1.8081889
13.709029	1.8081889
13.719029	1.81073916
13.729029	1.81328942
13.739029	1.80563864
13.749029	1.81583968
13.773675	1.8081889
13.783675	1.81073916
13.793675	1.81583968
13.803675	1.80308838
13.813675	1.81583968
13.823675	1.81073916
13.833675	1.81073916
13.843675	1.8081889
13.853675	1.8081889
13.863675	1.8081889
13.888701	1.81583968
13.898701	1.80308838
13.908701	1.8081889
13.918701	1.8081889
13.928701	1.81583968
13.938701	1.8081889
13.948701	1.81583968
13.958701	1.80563864
13.968701	1.81328942
13.978701	1.81073916
14.002537	1.8081889
14.012537	1.8081889
14.022537	1.81328942
14.032537	1.81073916
14.042537	1.81583968
14.052537	1.80308838
14.062537	1.81583968
14.072537	1.81328942
14.082537	1.80563864
14.092537	1.81073916
14.115637	1.81838994
14.125637	1.80563864
14.135637	1.81073916
14.145637	1.81073916
14.155637	1.80308838
14.165637	1.81073916
14.175637	1.81838994
14.185637	1.8005381
14.195637	1.81328942
14.205637	1.81328942
14.224775	1.80563864
14.234775	1.80563864
14.244775	1.81073916
14.254775	1.81583968
14.264775	1.8081889
14.274775	1.81328942
14.284775	1.8081889
14.294775	1.81073916
14.304775	1.81073916
14.314775	1.81073916
14.339618	1.80308838
14.349618	1.80563864
14.359618	1.80563864
14.369618	1.8081889
14.379618	1.81583968
14.389618	1.81583968
14.399618	1.80308838
14.409618	1.80563864
14.419618	1.8005381
14.429618	1.80563864
14.450297	1.80308838
14.460297	1.81073916
14.470297	1.81073916
14.480297	1.81073916
14.490297	1.81838994
14.500297	1.80563864
14.510297	1.81073916
14.520297	1.81583968
14.530297	1.80563864
14.540297	1.81073916
14.562159	1.8081889
14.572159	1.81073916
14.582159	1.81583968
14.592159	1.81073916
14.602159	1.8081889
14.612159	1.81073916
14.622159	1.81583968
14.632159	1.81583968
14.642159	1.81073916
14.652159	1.8005381
14.67143	1.80308838
14.68143	1.81073916
14.69143	1.81838994
14.70143	1.8081889
14.71143	1.81328942
14.72143	1.81073916
14.73143	1.81073916
14.74143	1.81838994
14.75143	1.81328942
14.76143	1.80308838
14.783129	1.81328942
14.793129	1.81073916
14.803129	1.81583968
14.813129	1.80308838
14.823129	1.81583968
14.833129	1.80563864
14.843129	1.81328942
14.853129	1.81583968
14.863129	1.81073916
14.873129	1.81328942
14.889334	1.81583968
14.899334	1.81073916
14.909334	1.81328942
14.919334	1.80563864
14.929334	1.80563864
14.939334	1.81073916
14.949334	1.81073916
14.959334	1.81073916
14.969334	1.81583968
14.979334	1.80308838
15.002656	1.80308838
15.012656	1.81328942
15.022656	1.81838994
15.032656	1.81328942
15.042656	1.81328942
15.052656	1.81073916
15.062656	1.81073916
15.072656	1.81073916
15.082656	1.81073916
15.092656	1.80308838
15.116301	1.81328942
15.126301	1.81328942
15.136301	1.80563864
15.146301	1.81073916
15.156301	1.8081889
15.166301	1.81583968
15.176301	1.8081889
15.186301	1.81073916
15.196301	1.81583968
15.206301	1.81583968
15.226344	1.81073916
15.236344	1.80563864
15.246344	1.80563864
15.256344	1.80308838
15.266344	1.80308838
15.276344	1.8081889
15.286344	1.80308838
15.296344	1.80308838
15.306344	1.80563864
15.316344	1.8081889
15.339306	1.81073916
15.349306	1.8081889
15.359306	1.81583968
15.369306	1.81073916
15.379306	1.81328942
15.389306	1.81073916
15.399306	1.81073916
15.409306	1.80308838
15.419306	1.80563864
15.429306	1.81073916
15.452585	1.81073916
15.462585	1.81838994
15.472585	1.80563864
15.482585	1.81583968
15.492585	1.81073916
15.502585	1.81328942
15.512585	1.81073916
15.522585	1.81583968
15.532585	1.81073916
15.542585	1.80563864
15.566186	1.80563864
15.576186	1.81073916
15.586186	1.81838994
15.596186	1.80563864
15.606186	1.81328942
15.616186	1.80308838
15.626186	1.81583968
15.636186	1.80308838
15.646186	1.81073916
15.656186	1.81073916
15.679969	1.81073916
15.689969	1.81073916
15.699969	1.81073916
15.709969	1.81328942
15.719969	1.8081889
15.729969	1.81328942
15.739969	1.81073916
15.749969	1.81838994
15.759969	1.80563864
15.769969	1.8081889
15.793729	1.81073916
15.803729	1.80308838
15.813729	1.80308838
15.823729	1.80563864
15.833729	1.8081889
15.843729	1.80563864
15.853729	1.81583968
15.863729	1.80563864
15.873729	1.8081889
15.883729	1.80563864
15.902489	1.81328942
15.912489	1.80563864
15.922489	1.80308838
15.932489	1.81328942
15.942489	1.8081889
15.952489	1.80563864
15.962489	1.8005381
15.972489	1.8005381
15.982489	1.79033706
15.992489	1.78013602
16.00954	1.78268628
16.01954	1.77248524
16.02954	1.7622842
16.03954	1.74443236
16.04954	1.7291308
16.05954	1.71892976
16.06954	1.71382924
16.07954	1.6959774
16.08954	1.69342714
16.09954	1.68832662
16.122296	1.67302506
16.132296	1.66537428
16.142296	1.65517324
16.152296	1.65262296
16.162296	1.6500727
16.172296	1.65262296
16.182296	1.66282402
16.192296	1.66027376
16.202296	1.6577235
16.212296	1.64497218
16.23163	1.64497218
16.24163	1.64242192
16.25163	1.6373214
16.26163	1.62712036
16.27163	1.62712036
16.28163	1.62967062
16.29163	1.61691932
16.30163	1.61436906
16.31163	1.6118188
16.32163	1.61436906
16.337166	1.60926854
16.347166	1.60926854
16.357166	1.6118188
16.367166	1.6118188
16.377166	1.61946958
16.387166	1.60161774
16.397166	1.6118188
16.407166	1.6118188
16.417166	1.6118188
16.427166	1.61691932
16.450572	1.61436906
16.460572	1.60416802
16.470572	1.60161774
16.480572	1.6118188
16.490572	1.59396696
16.500572	1.59906748
16.510572	1.58376592
16.520572	1.58121566
16.530572	1.57101462
16.540572	1.55316278
16.557702	1.55061252
16.567702	1.54806226
16.577702	1.52766018
16.587702	1.52766018
16.597702	1.5200094
16.607702	1.51235862
16.617702	1.50470784
16.627702	1.51490888
16.637702	1.4996073
16.647702	1.50980836
16.667348	1.4996073
16.677348	1.49450678
16.687348	1.50215756
16.697348	1.48940626
16.707348	1.48430574
16.717348	1.48430574
16.727348	1.46900418
16.737348	1.47920522
16.747348	1.4613534
16.757348	1.46900418
16.780745	1.4537026
16.790745	1.45880314
16.800745	1.44605182
16.810745	1.43585078
16.820745	1.43330052
16.830745	1.43585078
16.840745	1.4282
16.850745	1.42564974
16.860745	1.41799896
16.870745	1.40779792
16.894887	1.40269738
16.904887	1.39249634
16.914887	1.40524766
16.924887	1.38739582
16.934887	1.38994608
16.944887	1.38739582
16.954887	1.37974504
16.964887	1.37719478
16.974887	1.36699374
16.984887	1.37209426
17.004058	1.35934296
17.014058	1.34659164
17.024058	1.34659164
17.034058	1.34149112
17.044058	1.3363906
17.054058	1.34149112
17.064058	1.32873982
17.074058	1.33129008
17.084058	1.3363906
17.094058	1.32873982
17.110127	1.32618956
17.120127	1.32873982
17.130127	1.32108904
17.140127	1.31598852
17.150127	1.31598852
17.160127	1.31343826
17.170127	1.32108904
17.180127	1.31598852
17.190127	1.310888
17.200127	1.30578748
17.22332	1.32108904
17.23332	1.310888
17.24332	1.30833774
17.25332	1.31598852
17.26332	1.310888
17.27332	1.31598852
17.28332	1.310888
17.29332	1.310888
17.30332	1.31343826
17.31332	1.31598852
17.336144	1.31598852
17.346144	1.31598852
17.356144	1.31598852
17.366144	1.31598852
17.376144	1.31598852
17.386144	1.30833774
17.396144	1.32108904
17.406144	1.31598852
17.416144	1.310888
17.426144	1.32108904
17.4507	1.32618956
17.4607	1.30833774
17.4707	1.30833774
17.4807	1.30578748
17.4907	1.3032372
17.5007	1.29813668
17.5107	1.28538538
17.5207	1.27518434
17.5307	1.28283512
17.5407	1.26243304
17.564966	1.23948068
17.574966	1.22417912
17.584966	1.21652834
17.594966	1.21142782
17.604966	1.20377702
17.614966	1.20122676
17.624966	1.1986765
17.634966	1.1859252
17.644966	1.17827442
17.654966	1.1731739
17.677683	1.15787234
17.687683	1.1400205
17.697683	1.13236972
17.707683	1.13236972
17.717683	1.12471894
17.727683	1.10941738
17.737683	1.10176658
17.747683	1.0941158
17.757683	1.08391476
17.767683	1.07371372
17.787225	1.06096242
17.797225	1.05076136
17.807225	1.0482111
17.817225	1.05331162
17.827225	1.04566084
17.837225	1.04566084
17.847225	1.04056032
17.857225	1.0482111
17.867225	1.05076136
17.877225	1.04566084
17.90089	1.04311058
17.91089	1.04311058
17.92089	1.0354598
17.93089	1.0354598
17.94089	1.0354598
17.95089	1.02015824
17.96089	1.02015824
17.97089	1.01250746
17.98089	1.0099572
17.99089	1.0099572
18.0133	0.98190432
18.0233	0.96915302
18.0333	0.96660276
18.0433	0.96150224
18.0533	0.94620066
18.0633	0.9436504
18.0733	0.93599962
18.0833	0.9308991
18.0933	0.92324832
18.1033	0.9181478
18.125799	0.91049702
18.135799	0.90794676
18.145799	0.90539648
18.155799	0.90539648
18.165799	0.89264518
18.175799	0.89264518
18.185799	0.87479336
18.195799	0.87479336
18.205799	0.86969284
18.215799	0.85694152
18.240212	0.84674048
18.250212	0.83143892
18.260212	0.81613736
18.270212	0.8135871
18.280212	0.79573526
18.290212	0.79573526
18.300212	0.78808448
18.310212	0.77278292
18.320212	0.77023266
18.330212	0.76003162
18.342971	0.74983056
18.352971	0.74983056
18.362971	0.74217978
18.372971	0.74983056
18.382971	0.74217978
18.392971	0.734529
18.402971	0.7472803
18.412971	0.734529
18.422971	0.73707926
18.432971	0.73962952
18.457431	0.73197874
18.467431	0.7472803
18.477431	0.734529
18.487431	0.74217978
18.497431	0.73962952
18.507431	0.73197874
18.517431	0.74473004
18.527431	0.734529
18.537431	0.734529
18.547431	0.73962952
18.571998	0.74217978
18.581998	0.73962952
18.591998	0.734529
18.601998	0.74473004
18.611998	0.74217978
18.621998	0.734529
18.631998	0.734529
18.641998	0.74473004
18.651998	0.734529
18.661998	0.72942848
18.67603	0.72687822
18.68603	0.71667718
18.69603	0.70647612
18.70603	0.7013756
18.71603	0.69117456
18.72603	0.67332274
18.73603	0.65802116
18.74603	0.64782012
18.75603	0.63761908
18.76603	0.62231752
18.790858	0.58916412
18.800858	0.57896308
18.810858	0.56621178
18.820858	0.55856098
18.830858	0.55856098
18.840858	0.55601072
18.850858	0.54835994
18.860858	0.54835994
18.870858	0.55601072
18.880858	0.55856098
18.902705	0.55601072
18.912705	0.55856098
18.922705	0.55346046
18.932705	0.56366152
18.942705	0.55856098
18.952705	0.56111126
18.962705	0.56111126
18.972705	0.55346046
18.982705	0.55346046
18.992705	0.56111126
19.012352	0.55601072
19.022352	0.55601072
19.032352	0.5509102
19.042352	0.55346046
19.052352	0.5509102
19.062352	0.55346046
19.072352	0.55346046
19.082352	0.55346046
19.092352	0.55346046
19.102352	0.54835994
19.117711	0.55856098
19.127711	0.55601072
19.137711	0.5509102
19.147711	0.54835994
19.157711	0.53305838
19.167711	0.53305838
19.177711	0.51520656
19.187711	0.51010604
19.197711	0.5050055
19.207711	0.4922542
19.230981	0.45145002
19.240981	0.43614846
19.250981	0.41574638
19.260981	0.40809558
19.270981	0.39024376
19.280981	0.36474116
19.290981	0.35198984
19.300981	0.33158776
19.310981	0.31118568
19.320981	0.28568306
19.341055	0.25507992
19.351055	0.23467784
19.361055	0.2117255
19.371055	0.18367262
19.381055	0.15817
19.391055	0.14031818
19.401055	0.10971504
19.411055	0.09186322
19.421055	0.06126008
19.431055	0.0281067
19.455314	-0.03309956
19.465314	-0.0509514
19.475314	-0.0637027
19.485314	-0.08155452
19.495314	-0.10195662
19.505314	-0.11980844
19.515314	-0.13511
19.525314	-0.1427608
19.535314	-0.16316288
19.545314	-0.15041158
19.566733	-0.14531106
19.576733	-0.15041158
19.586733	-0.14786132
19.596733	-0.14786132
19.606733	-0.14786132
19.616733	-0.14786132
19.626733	-0.14021054
19.636733	-0.14786132
19.646733	-0.1427608
19.656733	-0.14786132
19.670957	-0.1427608
19.680957	-0.15041158
19.690957	-0.13766028
19.700957	-0.14786132
19.710957	-0.14786132
19.720957	-0.15041158
19.730957	-0.15296184
19.740957	-0.14531106
19.750957	-0.1555121
19.760957	-0.15296184
19.785709	-0.14786132
19.795709	-0.15041158
19.805709	-0.15041158
19.815709	-0.14786132
19.825709	-0.1427608
19.835709	-0.1427608
19.845709	-0.1427608
19.855709	-0.14786132
19.865709	-0.14786132
19.875709	-0.1427608
19.899864	-0.14786132
19.909864	-0.14021054
19.919864	-0.1427608
19.929864	-0.14786132
19.939864	-0.15041158
19.949864	-0.15296184
19.959864	-0.14786132
19.969864	-0.14786132
19.979864	-0.14786132
19.989864	-0.1555121
20.013047	-0.14786132
20.023047	-0.14786132
20.033047	-0.14531106
20.043047	-0.1427608
20.053047	-0.14786132
20.063047	-0.14786132
20.073047	-0.15296184
20.083047	-0.14786132
20.093047	-0.15041158
20.103047	-0.14786132
20.12429	-0.14021054
20.13429	-0.14786132
20.14429	-0.14786132
20.15429	-0.1427608
20.16429	-0.15041158
20.17429	-0.14786132
20.18429	-0.14786132
20.19429	-0.14786132
20.20429	-0.14786132
20.21429	-0.14021054
20.237472	-0.15296184
20.247472	-0.15296184
20.257472	-0.14786132
20.267472	-0.1427608
20.277472	-0.14786132
20.287472	-0.14531106
20.297472	-0.14786132
20.307472	-0.1427608
20.317472	-0.14021054
20.327472	-0.15296184
20.344667	-0.15296184
20.354667	-0.14531106
20.364667	-0.1427608
20.374667	-0.1427608
20.384667	-0.14786132
20.394667	-0.14786132
20.404667	-0.15296184
20.414667	-0.15296184
20.424667	-0.15041158
20.434667	-0.14531106
20.454533	-0.14531106
20.464533	-0.14786132
20.474533	-0.15296184
20.484533	-0.15296184
20.494533	-0.1427608
20.504533	-0.1427608
20.514533	-0.14531106
20.524533	-0.1555121
20.534533	-0.14021054
20.544533	-0.14021054
20.567027	-0.13766028
20.577027	-0.15296184
20.587027	-0.1427608
20.597027	-0.15296184
20.607027	-0.1427608
20.617027	-0.14531106
20.627027	-0.14786132
20.637027	-0.14531106
20.647027	-0.1427608
20.657027	-0.13255974
20.672707	-0.13000948
20.682707	-0.12490896
20.692707	-0.11980844
20.702707	-0.11470792
20.712707	-0.11215766
20.722707	-0.10450688
20.732707	-0.09175558
20.742707	-0.09940636
20.752707	-0.0968561
20.762707	-0.08665504
20.782306	-0.08665504
20.792306	-0.0968561
20.802306	-0.08920532
20.812306	-0.09430584
20.822306	-0.09940636
20.832306	-0.08665504
20.842306	-0.0968561
20.852306	-0.10195662
20.862306	-0.08920532
20.872306	-0.09940636
20.894963	-0.0968561
20.904963	-0.09175558
20.914963	-0.0968561
20.924963	-0.0968561
20.934963	-0.08920532
20.944963	-0.09430584
20.954963	-0.09430584
20.964963	-0.09175558
20.974963	-0.0968561
20.984963	-0.08920532
21.008052	-0.10195662
21.018052	-0.09940636
21.028052	-0.09940636
21.038052	-0.09430584
21.048052	-0.09430584
21.058052	-0.09175558
21.068052	-0.09175558
21.078052	-0.0968561
21.088052	-0.09940636
21.098052	-0.09175558
21.119779	-0.0968561
21.129779	-0.0968561
21.139779	-0.08920532
21.149779	-0.09940636
21.159779	-0.0968561
21.169779	-0.09430584
21.179779	-0.09175558
21.189779	-0.09175558
21.199779	-0.09175558
21.209779	-0.08920532
21.228908	-0.09430584
21.238908	-0.0968561
21.248908	-0.09940636
21.258908	-0.09430584
21.268908	-0.09430584
21.278908	-0.08920532
21.288908	-0.0968561
21.298908	-0.09430584
21.308908	-0.09175558
21.318908	-0.09430584
21.342312	-0.08920532
21.352312	-0.08665504
21.362312	-0.08665504
21.372312	-0.08920532
21.382312	-0.09940636
21.392312	-0.09175558
21.402312	-0.09430584
21.412312	-0.09430584
21.422312	-0.0968561
21.432312	-0.08665504
21.447827	-0.09430584
21.457827	-0.09175558
21.467827	-0.10195662
21.477827	-0.09175558
21.487827	-0.09175558
21.497827	-0.09175558
21.507827	-0.08920532
21.517827	-0.08155452
21.527827	-0.07390374
21.537827	-0.07135348
21.558031	-0.05350166
21.568031	-0.04840114
21.578031	-0.03309956
21.588031	-0.02289852
21.598031	-0.01524774
21.608031	0.00005382
21.618031	0.01790566
21.628031	0.01790566
21.638031	0.02555644
21.648031	0.03065696
21.667485	0.03830774
21.677485	0.03830774
21.687485	0.03830774
21.697485	0.04340826
21.707485	0.03065696
21.717485	0.03065696
21.727485	0.040858
21.737485	0.03575748
21.747485	0.04340826
21.757485	0.040858
21.777454	0.040858
21.787454	0.04340826
21.797454	0.05105904
21.807454	0.04850878
21.817454	0.03830774
21.827454	0.040858
21.837454	0.040858
21.847454	0.04340826
21.857454	0.04595852
21.867454	0.04595852
21.88734	0.05105904
21.89734	0.06126008
21.90734	0.07146114
21.91734	0.06891088
21.92734	0.07146114
21.93734	0.08421244
21.94734	0.0867627
21.95734	0.10206426
21.96734	0.10206426
21.97734	0.10971504
21.9943	0.1199161
22.0043	0.12756688
22.0143	0.12756688
22.0243	0.13011714
22.0343	0.13776792
22.0443	0.14286844
22.0543	0.14796896
22.0643	0.15817
22.0743	0.15817
22.0843	0.16837106
22.102641	0.1785721
22.112641	0.18112236
22.122641	0.1785721
22.132641	0.18112236
22.142641	0.18367262
22.152641	0.1913234
22.162641	0.18622288
22.172641	0.18367262
22.182641	0.1913234
22.192641	0.18112236
22.205658	0.18367262
22.215658	0.19387366
22.225658	0.18367262
22.235658	0.18367262
22.245658	0.18877314
22.255658	0.1913234
22.265658	0.18367262
22.275658	0.19387366
22.285658	0.18367262
22.295658	0.19387366
22.318138	0.18622288
22.328138	0.18877314
22.338138	0.18877314
22.348138	0.18877314
22.358138	0.18877314
22.368138	0.18877314
22.378138	0.19387366
22.388138	0.18112236
22.398138	0.18877314
22.408138	0.18367262
22.431726	0.18877314
22.441726	0.18367262
22.451726	0.18367262
22.461726	0.19387366
22.471726	0.1913234
22.481726	0.18622288
22.491726	0.18622288
22.501726	0.19642392
22.511726	0.18112236
22.521726	0.18877314
22.545407	0.18367262
22.555407	0.18877314
22.565407	0.18622288
22.575407	0.1913234
22.585407	0.18877314
22.595407	0.18622288
22.605407	0.18367262
22.615407	0.18112236
22.625407	0.18622288
22.635407	0.18367262
22.659185	0.19387366
22.669185	0.18367262
22.679185	0.18877314
22.689185	0.18367262
22.699185	0.18877314
22.709185	0.18877314
22.719185	0.18367262
22.729185	0.18622288
22.739185	0.19387366
22.749185	0.18877314
22.768184	0.18367262
22.778184	0.19387366
22.788184	0.18622288
22.798184	0.18877314
22.808184	0.18877314
22.818184	0.19387366
22.828184	0.18112236
22.838184	0.1913234
22.848184	0.18622288
22.858184	0.1913234
22.874626	0.18877314
22.884626	0.19387366
22.894626	0.1913234
22.904626	0.18112236
22.914626	0.18367262
22.924626	0.18877314
22.934626	0.18622288
22.944626	0.18622288
22.954626	0.18367262
22.964626	0.1913234
22.98756	0.1913234
22.99756	0.18622288
23.00756	0.18367262
23.01756	0.18367262
23.02756	0.19387366
23.03756	0.19387366
23.04756	0.18622288
23.05756	0.18367262
23.06756	0.18877314
23.07756	0.19387366
23.102222	0.18622288
23.112222	0.18367262
23.122222	0.18877314
23.132222	0.18112236
23.142222	0.18877314
23.152222	0.19387366
23.162222	0.18367262
23.172222	0.18367262
23.182222	0.18622288
23.192222	0.18367262
23.212584	0.19387366
23.222584	0.18622288
23.232584	0.18877314
23.242584	0.18622288
23.252584	0.1913234
23.262584	0.18622288
23.272584	0.19387366
23.282584	0.18622288
23.292584	0.1785721
23.302584	0.1913234
23.325688	0.18877314
23.335688	0.18112236
23.345688	0.18622288
23.355688	0.18622288
23.365688	0.19387366
23.375688	0.19642392
23.385688	0.1913234
23.395688	0.18622288
23.405688	0.18112236
23.415688	0.18622288
23.438636	0.18877314
23.448636	0.18877314
23.458636	0.18877314
23.468636	0.1913234
23.478636	0.18367262
23.488636	0.18367262
23.498636	0.18877314
23.508636	0.19387366
23.518636	0.18622288
23.528636	0.18622288
23.547696	0.18622288
23.557696	0.18112236
23.567696	0.18367262
23.577696	0.1913234
23.587696	0.18367262
23.597696	0.18367262
23.607696	0.18367262
23.617696	0.1913234
23.627696	0.19387366
23.637696	0.1913234
23.661154	0.18367262
23.671154	0.18622288
23.681154	0.18877314
23.691154	0.18622288
23.701154	0.18112236
23.711154	0.18877314
23.721154	0.18367262
23.731154	0.19387366
23.741154	0.18622288
23.751154	0.18622288
23.763395	0.19387366
23.773395	0.19387366
23.783395	0.18112236
23.793395	0.18877314
23.803395	0.1913234
23.813395	0.19642392
23.823395	0.1913234
23.833395	0.1913234
23.843395	0.18112236
23.853395	0.19387366
23.869774	0.18367262
23.879774	0.18622288
23.889774	0.19387366
23.899774	0.18367262
23.909774	0.1913234
23.919774	0.19387366
23.929774	0.18877314
23.939774	0.18877314
23.949774	0.18367262
23.959774	0.1913234
23.983265	0.1913234
23.993265	0.18367262
24.003265	0.18367262
24.013265	0.18622288
24.023265	0.1913234
24.033265	0.18622288
24.043265	0.18877314
24.053265	0.18877314
24.063265	0.18877314
24.073265	0.18112236
24.091625	0.1913234
24.101625	0.18622288
24.111625	0.18367262
24.121625	0.18367262
24.131625	0.18877314
24.141625	0.18877314
24.151625	0.18367262
24.161625	0.19387366
24.171625	0.18367262
24.181625	0.18367262
24.205512	0.1913234
24.215512	0.18367262
24.225512	0.18367262
24.235512	0.18877314
24.245512	0.18877314
24.255512	0.1913234
24.265512	0.18367262
24.275512	0.18367262
24.285512	0.18367262
24.295512	0.18622288
24.319385	0.18622288
24.329385	0.18622288
24.339385	0.19387366
24.349385	0.18112236
24.359385	0.1913234
24.369385	0.18367262
24.379385	0.18112236
24.389385	0.18622288
24.399385	0.18367262
24.409385	0.18367262
24.432905	0.18622288
24.442905	0.18112236
24.452905	0.18112236
24.462905	0.18622288
24.472905	0.1913234
24.482905	0.1913234
24.492905	0.1913234
24.502905	0.18877314
24.512905	0.1785721
24.522905	0.18367262
24.537978	0.18112236
24.547978	0.18112236
24.557978	0.18877314
24.567978	0.19642392
24.577978	0.18622288
24.587978	0.18877314
24.597978	0.18622288
24.607978	0.18367262
24.617978	0.18622288
24.627978	0.18112236
24.647117	0.18622288
24.657117	0.18877314
24.667117	0.1913234
24.677117	0.18367262
24.687117	0.18622288
24.697117	0.18367262
24.707117	0.19387366
24.717117	0.19387366
24.727117	0.1913234
24.737117	0.18622288
24.755189	0.18877314
24.765189	0.18877314
24.775189	0.19897418
24.785189	0.18877314
24.795189	0.19387366
24.805189	0.19642392
24.815189	0.19387366
24.825189	0.19387366
24.835189	0.18622288
24.845189	0.18622288
24.857122	0.18367262
24.867122	0.18367262
24.877122	0.18877314
24.887122	0.18112236
24.897122	0.19387366
24.907122	0.18367262
24.917122	0.19387366
24.927122	0.18367262
24.937122	0.18367262
24.947122	0.18877314
24.970796	0.18877314
24.980796	0.18877314
24.990796	0.18367262
25.000796	0.18877314
25.010796	0.19642392
25.020796	0.19642392
25.030796	0.1913234
25.040796	0.18622288
25.050796	0.18622288
25.060796	0.18112236
25.080146	0.18877314
25.090146	0.19387366
25.100146	0.18622288
25.110146	0.1913234
25.120146	0.18877314
25.130146	0.1913234
25.140146	0.1913234
25.150146	0.18622288
25.160146	0.18112236
25.170146	0.19387366
25.182881	0.18877314
25.192881	0.19642392
25.202881	0.19642392
25.212881	0.18877314
25.222881	0.18367262
25.232881	0.18367262
25.242881	0.18622288
25.252881	0.1913234
25.262881	0.1913234
25.272881	0.18877314
25.290532	0.18877314
25.300532	0.18367262
25.310532	0.18877314
25.320532	0.18877314
25.330532	0.18877314
25.340532	0.1913234
25.350532	0.19642392
25.360532	0.1913234
25.370532	0.18877314
25.380532	0.18367262
25.400759	0.18367262
25.410759	0.18367262
25.420759	0.18622288
25.430759	0.18877314
25.440759	0.18877314
25.450759	0.18877314
25.460759	0.18622288
25.470759	0.18877314
25.480759	0.1913234
25.490759	0.18877314
25.513739	0.18622288
25.523739	0.19387366
25.533739	0.20662496
25.543739	0.2040747
25.553739	0.2040747
25.563739	0.20662496
25.573739	0.20152444
25.583739	0.19387366
25.593739	0.1913234
25.603739	0.20152444
25.626661	0.20152444
25.636661	0.2040747
25.646661	0.19387366
25.656661	0.20152444
25.666661	0.19642392
25.676661	0.19642392
25.686661	0.1913234
25.696661	0.19387366
25.706661	0.2040747
25.716661	0.19642392
25.740534	0.19387366
25.750534	0.20152444
25.760534	0.19897418
25.770534	0.2040747
25.780534	0.19897418
25.790534	0.19897418
25.800534	0.20152444
25.810534	0.19897418
25.820534	0.19642392
25.830534	0.19897418
25.84513	0.20152444
25.85513	0.19387366
25.86513	0.19387366
25.87513	0.19897418
25.88513	0.20152444
25.89513	0.20152444
25.90513	0.2040747
25.91513	0.20662496
25.92513	0.20152444
25.93513	0.20152444
25.957002	0.19897418
25.967002	0.20152444
25.977002	0.19897418
25.987002	0.19897418
25.997002	0.20152444
26.007002	0.2040747
26.017002	0.20152444
26.027002	0.2040747
26.037002	0.20152444
26.047002	0.19897418
26.0679	0.2117255
26.0779	0.21682602
26.0879	0.21937628
26.0979	0.22192654
26.1079	0.2372281
26.1179	0.2372281
26.1279	0.23467784
26.1379	0.23212758
26.1479	0.2372281
26.1579	0.24487888
26.182566	0.24487888
26.192566	0.23212758
26.202566	0.23467784
26.212566	0.24232862
26.222566	0.2372281
26.232566	0.22957732
26.242566	0.2372281
26.252566	0.23977836
26.262566	0.24487888
26.272566	0.23212758
26.296596	0.24487888
26.306596	0.23467784
26.316596	0.2372281
26.326596	0.2372281
26.336596	0.23212758
26.346596	0.23977836
26.356596	0.22702706
26.366596	0.23467784
26.376596	0.24232862
26.386596	0.24232862
26.410364	0.24487888
26.420364	0.24487888
26.430364	0.23977836
26.440364	0.2372281
26.450364	0.22957732
26.460364	0.23467784
26.470364	0.23977836
26.480364	0.23977836
26.490364	0.2372281
26.500364	0.2372281
26.517451	0.23977836
26.527451	0.2372281
26.537451	0.22702706
26.547451	0.2372281
26.557451	0.22957732
26.567451	0.23977836
26.577451	0.23977836
26.587451	0.23467784
26.597451	0.24742914
26.607451	0.24487888
26.618931	0.25507992
26.628931	0.25763018
26.638931	0.26528098
26.648931	0.26783124
26.658931	0.26273072
26.668931	0.26273072
26.678931	0.2499794
26.688931	0.26273072
26.698931	0.26018044
26.708931	0.26018044
26.728148	0.25252966
26.738148	0.26018044
26.748148	0.26018044
26.758148	0.25507992
26.768148	0.26273072
26.778148	0.26528098
26.788148	0.26018044
26.798148	0.26273072
26.808148	0.26018044
26.818148	0.26528098
26.842532	0.26273072
26.852532	0.27293176
26.862532	0.26783124
26.872532	0.2703815
26.882532	0.27293176
26.892532	0.2831328
26.902532	0.29078358
26.912532	0.30098462
26.922532	0.29333384
26.932532	0.30098462
26.951257	0.30098462
26.961257	0.31118568
26.971257	0.32138672
26.981257	0.31118568
26.991257	0.32648724
27.001257	0.31373594
27.011257	0.33158776
27.021257	0.32648724
27.031257	0.3162862
27.041257	0.32393698
27.063905	0.32393698
27.073905	0.33668828
27.083905	0.33413802
27.093905	0.33668828
27.103905	0.33668828
27.113905	0.34688932
27.123905	0.35198984
27.133905	0.34943958
27.143905	0.35709036
27.153905	0.36729142
27.171046	0.35964062
27.181046	0.36729142
27.191046	0.36729142
27.201046	0.36474116
27.211046	0.36729142
27.221046	0.35964062
27.231046	0.3621909
27.241046	0.36474116
27.251046	0.36984168
27.261046	0.36729142
27.280301	0.36474116
27.290301	0.35964062
27.300301	0.36474116
27.310301	0.36984168
27.320301	0.35964062
27.330301	0.36729142
27.340301	0.36984168
27.350301	0.36984168
27.360301	0.36729142
27.370301	0.38259298
27.393688	0.38004272
27.403688	0.38514324
27.413688	0.38514324
27.423688	0.38514324
27.433688	0.38004272
27.443688	0.38259298
27.453688	0.38514324
27.463688	0.39024376
27.473688	0.39024376
27.483688	0.38514324
27.507806	0.3876935
27.517806	0.38259298
27.527806	0.38004272
27.537806	0.38514324
27.547806	0.38514324
27.557806	0.38514324
27.567806	0.38259298
27.577806	0.38259298
27.587806	0.38004272
27.597806	0.38514324
27.616422	0.38259298
27.626422	0.37749246
27.636422	0.38514324
27.646422	0.3876935
27.656422	0.38259298
27.666422	0.38514324
27.676422	0.39024376
27.686422	0.37749246
27.696422	0.38259298
27.706422	0.39024376
27.726653	0.38514324
27.736653	0.39279402
27.746653	0.40554532
27.756653	0.40299506
27.766653	0.39789454
27.776653	0.40809558
27.786653	0.40809558
27.796653	0.41574638
27.806653	0.41829664
27.816653	0.41829664
27.836435	0.42339716
27.846435	0.4208469
27.856435	0.4208469
27.866435	0.43104794
27.876435	0.42849768
27.886435	0.43104794
27.896435	0.42339716
27.906435	0.41574638
27.916435	0.4208469
27.926435	0.42849768
27.943867	0.42849768
27.953867	0.42594742
27.963867	0.43104794
27.973867	0.42339716
27.983867	0.42594742
27.993867	0.4208469
28.003867	0.42594742
28.013867	0.42339716
28.023867	0.4208469
28.033867	0.42594742
28.052679	0.42339716
28.062679	0.42849768
28.072679	0.41829664
28.082679	0.42594742
28.092679	0.42849768
28.102679	0.41829664
28.112679	0.42849768
28.122679	0.43614846
28.132679	0.44124898
28.142679	0.44379924
28.16263	0.45655054
28.17263	0.46165108
28.18263	0.4591008
28.19263	0.47185212
28.20263	0.47185212
28.21263	0.46930186
28.22263	0.4795029
28.23263	0.48205316
28.24263	0.48205316
28.25263	0.4795029
28.27757	0.49480446
28.28757	0.4922542
28.29757	0.5050055
28.30757	0.5050055
28.31757	0.50245524
28.32757	0.49990498
28.33757	0.5050055
28.34757	0.51010604
28.35757	0.51010604
28.36757	0.5126563
28.387326	0.5126563
28.397326	0.52285734
28.407326	0.52030708
28.417326	0.5126563
28.427326	0.51520656
28.437326	0.52795786
28.447326	0.52285734
28.457326	0.52030708
28.467326	0.53305838
28.477326	0.5254076
28.501367	0.54325942
28.511367	0.54580968
28.521367	0.5509102
28.531367	0.55346046
28.541367	0.56621178
28.551367	0.56876204
28.561367	0.56366152
28.571367	0.56876204
28.581367	0.5713123
28.591367	0.56876204
28.615006	0.58151334
28.625006	0.58151334
28.635006	0.58661386
28.645006	0.58151334
28.655006	0.5840636
28.665006	0.58916412
28.675006	0.5840636
28.685006	0.58661386
28.695006	0.59426464
28.705006	0.5968149
28.720968	0.60701594
28.730968	0.60701594
28.740968	0.61211648
28.750968	0.60956622
28.760968	0.61211648
28.770968	0.61976726
28.780968	0.61466674
28.790968	0.62741804
28.800968	0.62231752
28.810968	0.61976726
28.831445	0.62231752
28.841445	0.617217
28.851445	0.62231752
28.861445	0.62741804
28.871445	0.62741804
28.881445	0.6299683
28.891445	0.62741804
28.901445	0.61976726
28.911445	0.6299683
28.921445	0.62486778
28.941214	0.62486778
28.951214	0.63251856
28.961214	0.63251856
28.971214	0.62741804
28.981214	0.61976726
28.991214	0.63251856
29.001214	0.62231752
29.011214	0.63251856
29.021214	0.62486778
29.031214	0.62486778
29.055367	0.62231752
29.065367	0.64016934
29.075367	0.6427196
29.085367	0.64016934
29.095367	0.64782012
29.105367	0.65292064
29.115367	0.67077248
29.125367	0.6631217
29.135367	0.67332274
29.145367	0.675873
29.163016	0.68607404
29.173016	0.68352378
29.183016	0.69117456
29.193016	0.68607404
29.203016	0.70392586
29.213016	0.69372482
29.223016	0.69882534
29.233016	0.69882534
29.243016	0.70392586
29.253016	0.69372482
29.277388	0.70392586
29.287388	0.69627508
29.297388	0.69372482
29.307388	0.69882534
29.317388	0.69882534
29.327388	0.69882534
29.337388	0.69627508
29.347388	0.69882534
29.357388	0.70647612
29.367388	0.69882534
29.390681	0.70392586
29.400681	0.7013756
29.410681	0.69372482
29.420681	0.7013756
29.430681	0.69882534
29.440681	0.69372482
29.450681	0.70392586
29.460681	0.69882534
29.470681	0.70392586
29.480681	0.7013756
29.505414	0.70392586
29.515414	0.69627508
29.525414	0.69882534
29.535414	0.71157666
29.545414	0.69627508
29.555414	0.70392586
29.565414	0.69627508
29.575414	0.69117456
29.585414	0.70392586
29.595414	0.69117456
29.619922	0.69372482
29.629922	0.70647612
29.639922	0.69627508
29.649922	0.7090264
29.659922	0.7013756
29.669922	0.70647612
29.679922	0.69372482
29.689922	0.69882534
29.699922	0.70647612
29.709922	0.7013756
29.726276	0.69372482
29.736276	0.70392586
29.746276	0.69117456
29.756276	0.70392586
29.766276	0.69372482
29.776276	0.7090264
29.786276	0.69372482
29.796276	0.69117456
29.806276	0.70392586
29.816276	0.69882534
29.831847	0.69372482
29.841847	0.69627508
29.851847	0.69882534
29.861847	0.69372482
29.871847	0.70392586
29.881847	0.69882534
29.891847	0.70392586
29.901847	0.69882534
29.911847	0.70392586
29.921847	0.72687822
29.938716	0.74217978
29.948716	0.74473004
29.958716	0.75748134
29.968716	0.77533318
29.978716	0.7804337
29.988716	0.793185
29.998716	0.78808448
30.008716	0.79063474
30.018716	0.78808448
30.028716	0.78553422
30.048476	0.78808448
30.058476	0.79063474
30.068476	0.78553422
30.078476	0.78808448
30.088476	0.7804337
30.098476	0.78298396
30.108476	0.78553422
30.118476	0.793185
30.128476	0.78298396
30.138476	0.78553422
30.163015	0.79573526
30.173015	0.80338604
30.183015	0.79573526
30.193015	0.80083578
30.203015	0.80338604
30.213015	0.8135871
30.223015	0.81613736
30.233015	0.81613736
30.243015	0.81613736
30.253015	0.8263384
30.276605	0.8263384
30.286605	0.8263384
30.296605	0.83398918
30.306605	0.8263384
30.316605	0.83398918
30.326605	0.83398918
30.336605	0.83398918
30.346605	0.8263384
30.356605	0.82123788
30.366605	0.82378814
30.384033	0.83143892
30.394033	0.82378814
30.404033	0.82378814
30.414033	0.82123788
30.424033	0.81868762
30.434033	0.8263384
30.444033	0.82888866
30.454033	0.83398918
30.464033	0.8263384
30.474033	0.8263384
30.49904	0.84674048
30.50904	0.84163996
30.51904	0.86459232
30.52904	0.86714258
30.53904	0.86969284
30.54904	0.8849944
30.55904	0.8977457
30.56904	0.90029596
30.57904	0.90539648
30.58904	0.91049702
30.613175	0.91049702
30.623175	0.91559754
30.633175	0.91304728
30.643175	0.90539648
30.653175	0.90794676
30.663175	0.9181478
30.673175	0.90539648
30.683175	0.9181478
30.693175	0.91049702
30.703175	0.91559754
30.714593	0.91049702
30.724593	0.90794676
30.734593	0.90794676
30.744593	0.91304728
30.754593	0.9181478
30.764593	0.92324832
30.774593	0.93599962
30.784593	0.9436504
30.794593	0.9436504
30.804593	0.95385144
30.825297	0.96660276
30.835297	0.97425354
30.845297	0.97935406
30.855297	0.98190432
30.865297	0.98445458
30.875297	0.98445458
30.885297	0.99975614
30.895297	0.99975614
30.905297	1.0099572
30.915297	1.0023064
30.938798	1.02780902
30.948798	1.0354598
30.958798	1.04056032
30.968798	1.0354598
30.978798	1.03290954
30.988798	1.03801006
30.998798	1.04056032
31.008798	1.05331162
31.018798	1.05841216
31.028798	1.05841216
31.052368	1.0686132
31.062368	1.07116346
31.072368	1.07881424
31.082368	1.0813645
31.092368	1.08646502
31.102368	1.0813645
31.112368	1.08391476
31.122368	1.07881424
31.132368	1.07371372
31.142368	1.0813645
31.164794	1.0813645
31.174794	1.07626398
31.184794	1.07881424
31.194794	1.08391476
31.204794	1.08646502
31.214794	1.0813645
31.224794	1.0813645
31.234794	1.07626398
31.244794	1.0813645
31.254794	1.0813645
31.278798	1.08901528
31.288798	1.08391476
31.298798	1.0813645
31.308798	1.09156554
31.318798	1.08901528
31.328798	1.0813645
31.338798	1.0813645
31.348798	1.08646502
31.358798	1.09156554
31.368798	1.0941158
31.393155	1.09921632
31.403155	1.10686712
31.413155	1.10431684
31.423155	1.10431684
31.433155	1.10431684
31.443155	1.10176658
31.453155	1.09921632
31.463155	1.11196764
31.473155	1.11961842
31.483155	1.11961842
31.504587	1.12471894
31.514587	1.14257076
31.524587	1.14257076
31.534587	1.14257076
31.544587	1.14257076
31.554587	1.15022154
31.564587	1.1604226
31.574587	1.1527718
31.584587	1.1527718
31.594587	1.1527718
31.617195	1.15532206
31.627195	1.15787234
31.637195	1.1604226
31.647195	1.1527718
31.657195	1.1527718
31.667195	1.1527718
31.677195	1.1527718
31.687195	1.14767128
31.697195	1.1604226
31.707195	1.15787234
31.723874	1.15787234
31.733874	1.1527718
31.743874	1.16552312
31.753874	1.17572416
31.763874	1.1731739
31.773874	1.1731739
31.783874	1.17827442
31.793874	1.1859252
31.803874	1.18337494
31.813874	1.19102572
31.837064	1.2063273
31.847064	1.20377702
31.857064	1.19612624
31.867064	1.20122676
31.877064	1.20377702
31.887064	1.20887756
31.897064	1.2190786
31.907064	1.22672938
31.917064	1.2318299
31.927064	1.23438016
31.950783	1.2445812
31.960783	1.25223198
31.970783	1.26243304
31.980783	1.26753356
31.990783	1.27008382
32.000783	1.28028486
32.010783	1.27008382
32.020783	1.27518434
32.030783	1.28283512
32.040783	1.28793564
32.063573	1.28538538
32.073573	1.28538538
32.083573	1.29303616
32.093573	1.29558642
32.103573	1.28538538
32.113573	1.29558642
32.123573	1.29813668
32.133573	1.30068694
32.143573	1.30578748
32.153573	1.29303616
32.173165	1.29813668
32.183165	1.30833774
32.193165	1.30578748
32.203165	1.30578748
32.213165	1.31343826
32.223165	1.32108904
32.233165	1.31853878
32.243165	1.32618956
32.253165	1.32108904
32.263165	1.33129008
32.286009	1.32873982
32.296009	1.33129008
32.306009	1.34149112
32.316009	1.34659164
32.326009	1.33894086
32.336009	1.33894086
32.346009	1.3363906
32.356009	1.34404138
32.366009	1.3363906
32.376009	1.3363906
32.399587	1.3491419
32.409587	1.34404138
32.419587	1.33894086
32.429587	1.3567927
32.439587	1.3491419
32.449587	1.35424242
32.459587	1.3491419
32.469587	1.36189322
32.479587	1.36189322
32.489587	1.36189322
32.51016	1.35934296
32.52016	1.36699374
32.53016	1.37464452
32.54016	1.369544
32.55016	1.369544
32.56016	1.37209426
32.57016	1.37464452
32.58016	1.36189322
32.59016	1.37719478
32.60016	1.369544
32.617592	1.3822953
32.627592	1.38484556
32.637592	1.38484556
32.647592	1.37974504
32.657592	1.3822953
32.667592	1.38739582
32.677592	1.38484556
32.687592	1.39759686
32.697592	1.39249634
32.707592	1.40269738
32.730001	1.40269738
32.740001	1.41034818
32.750001	1.4154487
32.760001	1.41799896
32.770001	1.42054922
32.780001	1.42564974
32.790001	1.43075026
32.800001	1.43330052
32.810001	1.43075026
32.820001	1.44860208
32.835965	1.4537026
32.845965	1.45880314
32.855965	1.45625288
32.865965	1.45625288
32.875965	1.46645392
32.885965	1.4741047
32.895965	1.47155444
32.905965	1.4741047
32.915965	1.48430574
32.925965	1.49450678
32.945812	1.49705704
32.955812	1.50215756
32.965812	1.50470784
32.975812	1.50980836
32.985812	1.51235862
32.995812	1.52255966
33.005812	1.52255966
33.015812	1.5327607
33.025812	1.52766018
33.035812	1.53786122
33.056747	1.55061252
33.066747	1.55571306
33.076747	1.5659141
33.086747	1.56846436
33.096747	1.56846436
33.106747	1.57101462
33.116747	1.5786654
33.126747	1.58121566
33.136747	1.58376592
33.146747	1.58631618
33.170879	1.59906748
33.180879	1.59396696
33.190879	1.60161774
33.200879	1.60926854
33.210879	1.60161774
33.220879	1.60926854
33.230879	1.61436906
33.240879	1.61436906
33.250879	1.6118188
33.260879	1.60926854
33.279518	1.61436906
33.289518	1.61946958
33.299518	1.61436906
33.309518	1.6118188
33.319518	1.60926854
33.329518	1.60416802
33.339518	1.60416802
33.349518	1.60416802
33.359518	1.60926854
33.369518	1.61436906
33.38551	1.60671828
33.39551	1.6118188
33.40551	1.60671828
33.41551	1.6118188
33.42551	1.61691932
33.43551	1.61436906
33.44551	1.60416802
33.45551	1.6118188
33.46551	1.61691932
33.47551	1.61946958
33.497262	1.60926854
33.507262	1.61946958
33.517262	1.6118188
33.527262	1.60926854
33.537262	1.61691932
33.547262	1.61946958
33.557262	1.61946958
33.567262	1.62201984
33.577262	1.61946958
33.587262	1.63222088
33.610755	1.64752244
33.620755	1.66027376
33.630755	1.67302506
33.640755	1.67812558
33.650755	1.67302506
33.660755	1.6832261
33.670755	1.68832662
33.680755	1.70107792
33.690755	1.69342714
33.700755	1.6959774
33.719123	1.71382924
33.729123	1.71382924
33.739123	1.71382924
33.749123	1.72148002
33.759123	1.72658054
33.769123	1.73168106
33.779123	1.7291308
33.789123	1.73168106
33.799123	1.73423132
33.809123	1.73678158
33.820881	1.7418821
33.830881	1.74698262
33.840881	1.75208314
33.850881	1.75463342
33.860881	1.75208314
33.870881	1.74953288
33.880881	1.75208314
33.890881	1.75463342
33.900881	1.75208314
33.910881	1.75208314
33.922556	1.76483446
33.932556	1.7622842
33.942556	1.75463342
33.952556	1.7622842
33.962556	1.76483446
33.972556	1.75718368
33.982556	1.76483446
33.992556	1.7622842
34.002556	1.75463342
34.012556	1.76483446
34.036401	1.75718368
34.046401	1.76993498
34.056401	1.76483446
34.066401	1.76738472
34.076401	1.76738472
34.086401	1.76738472
34.096401	1.7750355
34.106401	1.79033706
34.116401	1.79543758
34.126401	1.79798784
34.144924	1.80308838
34.154924	1.81073916
34.164924	1.81583968
34.174924	1.8209402
34.184924	1.82349046
34.194924	1.83624176
34.204924	1.83624176
34.214924	1.84134228
34.224924	1.84899306
34.234924	1.85664386
34.257504	1.85919412
34.267504	1.8540936
34.277504	1.86429464
34.287504	1.87194542
34.297504	1.86939516
34.307504	1.8668449
34.317504	1.86429464
34.327504	1.86939516
34.337504	1.8668449
34.347504	1.86174438
34.372118	1.86429464
34.382118	1.86429464
34.392118	1.85664386
34.402118	1.86429464
34.412118	1.86939516
34.422118	1.8668449
34.432118	1.8668449
34.442118	1.86174438
34.452118	1.86429464
34.462118	1.85919412
34.484414	1.86429464
34.494414	1.8668449
34.504414	1.86429464
34.514414	1.87194542
34.524414	1.87449568
34.534414	1.8795962
34.544414	1.88724698
34.554414	1.89489776
34.564414	1.8923475
34.574414	1.90764908
34.599122	1.91785012
34.609122	1.92805116
34.619122	1.93315168
34.629122	1.94335272
34.639122	1.94845324
34.649122	1.96630508
34.659122	1.97650612
34.669122	1.97905638
34.679122	1.98670716
34.689122	1.98925742
34.712417	2.01986056
34.722417	2.01986056
34.732417	2.0300616
34.742417	2.02751134
34.752417	2.02751134
34.762417	2.02751134
34.772417	2.03516212
34.782417	2.03516212
34.792417	2.03516212
34.802417	2.04026264
34.820226	2.04536316
34.830226	2.04791342
34.840226	2.06066474
34.850226	2.063215
34.860226	2.07086578
34.870226	2.07086578
34.880226	2.063215
34.890226	2.07341604
34.900226	2.08616734
34.910226	2.08361708
34.93437	2.09126786
34.94437	2.09381812
34.95437	2.09126786
34.96437	2.0887176
34.97437	2.09636838
34.98437	2.09636838
34.99437	2.10401918
35.00437	2.09636838
35.01437	2.10146892
35.02437	2.10656944
35.048071	2.1091197
35.058071	2.11166996
35.068071	2.11422022
35.078071	2.11422022
35.088071	2.11677048
35.098071	2.121871
35.108071	2.11932074
35.118071	2.121871
35.128071	2.11932074
35.138071	2.12442126
35.158109	2.12697152
35.168109	2.1346223
35.178109	2.13972282
35.188109	2.14227308
35.198109	2.13972282
35.208109	2.14482334
35.218109	2.14227308
35.228109	2.14992386
35.238109	2.14482334
35.248109	2.16267518
35.265353	2.16012492
35.275353	2.16522544
35.285353	2.16012492
35.295353	2.15757466
35.305353	2.17287622
35.315353	2.1677757
35.325353	2.17542648
35.335353	2.16522544
35.345353	2.17797674
35.355353	2.17542648
35.380264	2.18817778
35.390264	2.19072804
35.400264	2.17797674
35.410264	2.19072804
35.420264	2.19072804
35.430264	2.18817778
35.440264	2.2009291
35.450264	2.19582856
35.460264	2.20347936
35.470264	2.2009291
35.489868	2.19837882
35.499868	2.19837882
35.509868	2.20347936
35.519868	2.19837882
35.529868	2.20602962
35.539868	2.20857988
35.549868	2.21113014
35.559868	2.2136804
35.569868	2.2136804
35.579868	2.2136804
35.599585	2.22133118
35.609585	2.22133118
35.619585	2.22388144
35.629585	2.23408248
35.639585	2.23153222
35.649585	2.23153222
35.659585	2.24173326
35.669585	2.23408248
35.679585	2.23408248
35.689585	2.23663274
35.71387	2.24428352
35.72387	2.25703484
35.73387	2.24938404
35.74387	2.2595851
35.75387	2.26213536
35.76387	2.25448458
35.77387	2.26978614
35.78387	2.26468562
35.79387	2.27998718
35.80387	2.2723364
35.824162	2.29528874
35.834162	2.29273848
35.844162	2.297839
35.854162	2.3054898
35.864162	2.30804006
35.874162	2.31569084
35.884162	2.3182411
35.894162	2.32079136
35.904162	2.32334162
35.914162	2.32844214
35.93004	2.33864318
35.94004	2.34629396
35.95004	2.34884422
35.96004	2.35394476
35.97004	2.35649502
35.98004	2.36669606
35.99004	2.3641458
36.00004	2.37434684
36.01004	2.38709814
36.02004	2.38454788
36.033553	2.3896484
36.043553	2.39729918
36.053553	2.40239972
36.063553	2.40494998
36.073553	2.41260076
36.083553	2.42025154
36.093553	2.42025154
36.103553	2.4228018
36.113553	2.42790232
36.123553	2.42790232
36.142479	2.43810336
36.152479	2.43810336
36.162479	2.45085468
36.172479	2.44065362
36.182479	2.45850546
36.192479	2.45340494
36.202479	2.46105572
36.212479	2.46360598
36.222479	2.46360598
36.232479	2.46615624
36.248731	2.46360598
36.258731	2.47890754
36.268731	2.47635728
36.278731	2.47635728
36.288731	2.4814578
36.298731	2.48400806
36.308731	2.48655832
36.318731	2.49165884
36.328731	2.49675936
36.338731	2.50441016
36.363342	2.5146112
36.373342	2.50951068
36.383342	2.50441016
36.393342	2.50951068
36.403342	2.52226198
36.413342	2.51716146
36.423342	2.52991276
36.433342	2.51716146
36.443342	2.53501328
36.453342	2.53246302
36.476322	2.54776458
36.486322	2.53756354
36.496322	2.55031486
36.506322	2.55031486
36.516322	2.5401138
36.526322	2.55031486
36.536322	2.55031486
36.546322	2.54776458
36.556322	2.55031486
36.566322	2.55031486
36.58584	2.54776458
36.59584	2.55031486
36.60584	2.54266406
36.61584	2.54521432
36.62584	2.55541538
36.63584	2.55031486
36.64584	2.55796564
36.65584	2.54521432
36.66584	2.54266406
36.67584	2.54521432
36.698217	2.55286512
36.708217	2.55541538
36.718217	2.55031486
36.728217	2.55031486
36.738217	2.55541538
36.748217	2.55031486
36.758217	2.55286512
36.768217	2.56306616
36.778217	2.56561642
36.788217	2.55796564
36.810994	2.57071694
36.820994	2.58346824
36.830994	2.5860185
36.840994	2.59876982
36.850994	2.59366928
36.860994	2.59876982
36.870994	2.60387034
36.880994	2.61407138
36.890994	2.61152112
36.900994	2.62427242
36.913356	2.6191719
36.923356	2.62682268
36.933356	2.64212424
36.943356	2.64212424
36.953356	2.64722476
36.963356	2.6523253
36.973356	2.65487556
36.983356	2.66252634
36.993356	2.65997608
37.003356	2.6650766
37.027055	2.68802894
37.037055	2.68802894
37.047055	2.68802894
37.057055	2.69567972
37.067055	2.69567972
37.077055	2.69312946
37.087055	2.7109813
37.097055	2.70078026
37.107055	2.70843104
37.117055	2.70333052
37.139955	2.71608182
37.149955	2.72628286
37.159955	2.71863208
37.169955	2.72628286
37.179955	2.72883312
37.189955	2.72628286
37.199955	2.7364839
37.209955	2.73903416
37.219955	2.74158442
37.229955	2.74158442
37.248141	2.75178548
37.258141	2.75433574
37.268141	2.74923522
37.278141	2.76198652
37.288141	2.756886
37.298141	2.75433574
37.308141	2.7696373
37.318141	2.76198652
37.328141	2.76453678
37.338141	2.77218756
37.354397	2.77473782
37.364397	2.76453678
37.374397	2.77218756
37.384397	2.77473782
37.394397	2.76453678
37.404397	2.7696373
37.414397	2.7696373
37.424397	2.77218756
37.434397	2.7696373
37.444397	2.76708704
37.461229	2.7696373
37.471229	2.77473782
37.481229	2.76708704
37.491229	2.77728808
37.501229	2.77473782
37.511229	2.77728808
37.521229	2.76453678
37.531229	2.77218756
37.541229	2.77218756
37.551229	2.77218756
37.574152	2.77218756
37.584152	2.77983834
37.594152	2.78748912
37.604152	2.7951399
37.614152	2.79769016
37.624152	2.8027907
37.634152	2.8027907
37.644152	2.815542
37.654152	2.815542
37.664152	2.81809226
37.686845	2.83594408
37.696845	2.83849434
37.706845	2.8410446
37.716845	2.84359486
37.726845	2.83849434
37.736845	2.85889644
37.746845	2.85634618
37.756845	2.85124566
37.766845	2.85889644
37.776845	2.85889644
37.798816	2.85889644
37.808816	2.86654722
37.818816	2.86654722
37.828816	2.86654722
37.838816	2.87164774
37.848816	2.86654722
37.858816	2.874198
37.868816	2.86654722
37.878816	2.88439904
37.888816	2.87674826
37.911463	2.88949956
37.921463	2.89204982
37.931463	2.90225088
37.941463	2.89970062
37.951463	2.89460008
37.961463	2.90480114
37.971463	2.91500218
37.981463	2.91245192
37.991463	2.90990166
38.001463	2.9201027
38.017589	2.91755244
38.027589	2.9201027
38.037589	2.92775348
38.047589	2.92265296
38.057589	2.932854
38.067589	2.93795452
38.077589	2.94050478
38.087589	2.932854
38.097589	2.93795452
38.107589	2.93540426
38.131192	2.93795452
38.141192	2.93795452
38.151192	2.93030374
38.161192	2.93795452
38.171192	2.93795452
38.181192	2.94305504
38.191192	2.93795452
38.201192	2.93795452
38.211192	2.932854
38.221192	2.93030374
38.241523	2.93795452
38.251523	2.932854
38.261523	2.93795452
38.271523	2.9456053
38.281523	2.94050478
38.291523	2.94050478
38.301523	2.94050478
38.311523	2.932854
38.321523	2.94050478
38.331523	2.94050478
38.354411	2.94050478
38.364411	2.9532561
38.374411	2.9532561
38.384411	2.94815558
38.394411	2.95580636
38.404411	2.9660074
38.414411	2.95835662
38.424411	2.96345714
38.434411	2.96855766
38.444411	2.9787587
38.467281	2.98895974
38.477281	2.99661052
38.487281	3.00681158
38.497281	3.00171106
38.507281	3.01446236
38.517281	3.02211314
38.527281	3.01956288
38.537281	3.0246634
38.547281	3.03486444
38.557281	3.04506548
38.580962	3.0578168
38.590962	3.06291732
38.600962	3.06291732
38.610962	3.0705681
38.620962	3.0705681
38.630962	3.07821888
38.640962	3.07566862
38.650962	3.0833194
38.660962	3.08841992
38.670962	3.09352044
38.69467	3.09862098
38.70467	3.11392254
38.71467	3.10627176
38.72467	3.1164728
38.73467	3.12157332
38.74467	3.1292241
38.75467	3.12157332
38.76467	3.13432462
38.77467	3.12667384
38.78467	3.14452566
38.807109	3.14707594
38.817109	3.15472672
38.827109	3.15982724
38.837109	3.1623775
38.847109	3.16492776
38.857109	3.17257854
38.867109	3.1751288
38.877109	3.18022932
38.887109	3.18532984
38.897109	3.18277958
38.920331	3.1878801
38.930331	3.19553088
38.940331	3.2082822
38.950331	3.20063142
38.960331	3.20318168
38.970331	3.21083246
38.980331	3.21338272
38.990331	3.21848324
39.000331	3.21848324
39.010331	3.22358376
39.027377	3.2210335
39.037377	3.23888532
39.047377	3.24143558
39.057377	3.24398584
39.067377	3.24398584
39.077377	3.24908638
39.087377	3.24653612
39.097377	3.25928742
39.107377	3.26438794
39.117377	3.2541869
39.129616	3.27203872
39.139616	3.27203872
39.149616	3.27203872
39.159616	3.27458898
39.169616	3.27458898
39.179616	3.2796895
39.189616	3.28479002
39.199616	3.28479002
39.209616	3.28223976
39.219616	3.28989054
39.241198	3.28734028
39.251198	3.28479002
39.261198	3.28223976
39.271198	3.28734028
39.281198	3.28734028
39.291198	3.28479002
39.301198	3.28479002
39.311198	3.28734028
39.321198	3.2924408
39.331198	3.29499106
39.351056	3.28989054
39.361056	3.28734028
39.371056	3.29499106
39.381056	3.30264186
39.391056	3.29499106
39.401056	3.28989054
39.411056	3.29499106
39.421056	3.29754134
39.431056	3.30519212
39.441056	3.30519212
39.462989	3.30264186
39.472989	3.31029264
39.482989	3.31794342
39.492989	3.3255942
39.502989	3.32304394
39.512989	3.32049368
39.522989	3.33579524
39.532989	3.3255942
39.542989	3.33579524
39.552989	3.35109682
39.575412	3.35619734
39.585412	3.3459963
39.595412	3.35109682
39.605412	3.36129786
39.615412	3.36894864
39.625412	3.36639838
39.635412	3.36129786
39.645412	3.3587476
39.655412	3.36639838
39.665412	3.37659942
39.683367	3.37659942
39.693367	3.36894864
39.703367	3.37404916
39.713367	3.3842502
39.723367	3.3842502
39.733367	3.38680046
39.743367	3.38680046
39.753367	3.38935072
39.763367	3.39700152
39.773367	3.4046523
39.793356	3.4046523
39.803356	3.4046523
39.813356	3.40975282
39.823356	3.41485334
39.833356	3.4174036
39.843356	3.4174036
39.853356	3.41995386
39.863356	3.4174036
39.873356	3.42760464
39.883356	3.42760464
39.896969	3.43270516
39.906969	3.42760464
39.916969	3.4301549
39.926969	3.42505438
39.936969	3.42250412
39.946969	3.42760464
39.956969	3.42760464
39.966969	3.42760464
39.976969	3.42250412
39.986969	3.42505438
40.006283	3.43780568
40.016283	3.44035594
40.026283	3.43525542
40.036283	3.4429062
40.046283	3.45565752
40.056283	3.45310726
40.066283	3.45820778
40.076283	3.450557
40.086283	3.450557
40.096283	3.45565752
40.114249	3.4633083
40.124249	3.46585856
40.134249	3.47095908
40.144249	3.47350934
40.154249	3.47350934
40.164249	3.46585856
40.174249	3.46585856
40.184249	3.47350934
40.194249	3.46840882
40.204249	3.47095908
40.226469	3.48626064
40.236469	3.4964617
40.246469	3.50156222
40.256469	3.50156222
40.266469	3.509213
40.276469	3.51431352
40.286469	3.51176326
40.296469	3.51176326
40.306469	3.51431352
40.316469	3.52961508
40.333277	3.54236638
40.343277	3.53981612
40.353277	3.54491666
40.363277	3.54491666
40.373277	3.5551177
40.383277	3.56276848
40.393277	3.5551177
40.403277	3.5551177
40.413277	3.56021822
40.423277	3.56531874
40.442084	3.57296952
40.452084	3.567869
40.462084	3.57807004
40.472084	3.5806203
40.482084	3.5933716
40.492084	3.59082134
40.502084	3.58317056
40.512084	3.58317056
40.522084	3.58572082
40.532084	3.5933716
40.548671	3.59592188
40.558671	3.59847214
40.568671	3.59592188
40.578671	3.60612292
40.588671	3.60612292
40.598671	3.61122344
40.608671	3.61122344
40.618671	3.6137737
40.628671	3.61122344
40.638671	3.61122344
40.651187	3.61887422
40.661187	3.62142448
40.671187	3.6137737
40.681187	3.626525
40.691187	3.62907526
40.701187	3.626525
40.711187	3.63162552
40.721187	3.64182656
40.731187	3.64182656
40.741187	3.6469271
40.759468	3.6392763
40.769468	3.64182656
40.779468	3.64947736
40.789468	3.65202762
40.799468	3.64947736
40.809468	3.65202762
40.819468	3.65202762
40.829468	3.66222866
40.839468	3.66732918
40.849468	3.66987944
40.873832	3.67497996
40.883832	3.6724297
40.893832	3.67753022
40.903832	3.67753022
40.913832	3.6724297
40.923832	3.68773126
40.933832	3.68263074
40.943832	3.68263074
40.953832	3.68773126
40.963832	3.68008048
40.983878	3.69283178
40.993878	3.69538206
41.003878	3.69283178
41.013878	3.7055831
41.023878	3.70303284
41.033878	3.70813336
41.043878	3.70303284
41.053878	3.71068362
41.063878	3.70303284
41.073878	3.70813336
41.098106	3.72343492
41.108106	3.71068362
41.118106	3.72598518
41.128106	3.7183344
41.138106	3.7310857
41.148106	3.7183344
41.158106	3.72088466
41.168106	3.72853544
41.178106	3.73363596
41.188106	3.73363596
41.211272	3.74128674
41.221272	3.7514878
41.231272	3.75403806
41.241272	3.75403806
41.251272	3.75403806
41.261272	3.75658832
41.271272	3.76168884
41.281272	3.75658832
41.291272	3.75913858
41.301272	3.76933962
41.324167	3.77444014
41.334167	3.77444014
41.344167	3.77954066
41.354167	3.7897417
41.364167	3.78719144
41.374167	3.79229196
41.384167	3.79994276
41.394167	3.7897417
41.404167	3.80504328
41.414167	3.80504328
41.437282	3.80504328
41.447282	3.8101438
41.457282	3.80504328
41.467282	3.8101438
41.477282	3.81269406
41.487282	3.8101438
41.497282	3.80759354
41.507282	3.81269406
41.517282	3.81269406
41.527282	3.81269406
41.549405	3.81269406
41.559405	3.82034484
41.569405	3.81524432
41.579405	3.81524432
41.589405	3.83054588
41.599405	3.82544536
41.609405	3.82544536
41.619405	3.82799562
41.629405	3.82799562
41.639405	3.84074692
41.662895	3.8432972
41.672895	3.84074692
41.682895	3.8356464
41.692895	3.85094798
41.702895	3.8432972
41.712895	3.84839772
41.722895	3.84839772
41.732895	3.84839772
41.742895	3.8560485
41.752895	3.85859876
41.77488	3.86624954
41.78488	3.86369928
41.79488	3.87390032
41.80488	3.87645058
41.81488	3.87645058
41.82488	3.87135006
41.83488	3.88410136
41.84488	3.88920188
41.85488	3.89175214
41.86488	3.8815511
41.88362	3.89175214
41.89362	3.9019532
41.90362	3.90960398
41.91362	3.89940294
41.92362	3.90960398
41.93362	3.91215424
41.94362	3.91215424
41.95362	3.9147045
41.96362	3.90960398
41.97362	3.92490554
41.99367	3.91980502
42.00367	3.9274558
42.01367	3.92490554
42.02367	3.91725476
42.03367	3.92490554
42.04367	3.9274558
42.05367	3.9274558
42.06367	3.92490554
42.07367	3.92490554
42.08367	3.93255632
42.105687	3.9274558
42.115687	3.93000606
42.125687	3.92235528
42.135687	3.93000606
42.145687	3.93765684
42.155687	3.9274558
42.165687	3.93255632
42.175687	3.94530764
42.185687	3.9402071
42.195687	3.9478579
42.218856	3.94530764
42.228856	3.94530764
42.238856	3.94530764
42.248856	3.94275738
42.258856	3.9478579
42.268856	3.95550868
42.278856	3.94530764
42.288856	3.95550868
42.298856	3.9478579
42.308856	3.94275738
42.333199	3.9478579
42.343199	3.94530764
42.353199	3.95805894
42.363199	3.94530764
42.373199	3.94530764
42.383199	3.9478579
42.393199	3.94530764
42.403199	3.95040816
42.413199	3.95040816
42.423199	3.9478579
42.443219	3.95040816
42.453219	3.95295842
42.463219	3.95550868
42.473219	3.94530764
42.483219	3.94275738
42.493219	3.95550868
42.503219	3.95295842
42.513219	3.95295842
42.523219	3.95040816
42.533219	3.94530764
42.556373	3.9478579
42.566373	3.95040816
42.576373	3.9478579
42.586373	3.95550868
42.596373	3.95040816
42.606373	3.94530764
42.616373	3.9478579
42.626373	3.95295842
42.636373	3.95805894
42.646373	3.95040816
42.661247	3.94275738
42.671247	3.95295842
42.681247	3.95040816
42.691247	3.95040816
42.701247	3.95550868
42.711247	3.95040816
42.721247	3.9478579
42.731247	3.95040816
42.741247	3.95805894
42.751247	3.95550868
42.77102	3.95040816
42.78102	3.95805894
42.79102	3.95550868
42.80102	3.95805894
42.81102	3.95295842
42.82102	3.95805894
42.83102	3.94530764
42.84102	3.94275738
42.85102	3.95295842
42.86102	3.95040816
42.884458	3.95550868
42.894458	3.95295842
42.904458	3.94275738
42.914458	3.94275738
42.924458	3.95295842
42.934458	3.94530764
42.944458	3.94530764
42.954458	3.95040816
42.964458	3.94530764
42.974458	3.94530764
42.999206	3.95550868
43.009206	3.95805894
43.019206	3.95295842
43.029206	3.94530764
43.039206	3.9478579
43.049206	3.95550868
43.059206	3.95295842
43.069206	3.95040816
43.079206	3.95550868
43.089206	3.95805894
43.103967	3.95550868
43.113967	3.95295842
43.123967	3.94530764
43.133967	3.95040816
43.143967	3.95550868
43.153967	3.95295842
43.163967	3.94530764
43.173967	3.95550868
43.183967	3.9478579
43.193967	3.94530764
43.218422	3.95295842
43.228422	3.95040816
43.238422	3.9402071
43.248422	3.95550868
43.258422	3.9478579
43.268422	3.95040816
43.278422	3.95040816
43.288422	3.94530764
43.298422	3.95550868
43.308422	3.94275738
43.326544	3.94530764
43.336544	3.95550868
43.346544	3.9402071
43.356544	3.95295842
43.366544	3.95040816
43.376544	3.94530764
43.386544	3.95040816
43.396544	3.9478579
43.406544	3.9478579
43.416544	3.95040816
43.43437	3.9478579
43.44437	3.95040816
43.45437	3.95040816
43.46437	3.95550868
43.47437	3.94275738
43.48437	3.95040816
43.49437	3.95295842
43.50437	3.95040816
43.51437	3.95550868
43.52437	3.94275738
43.541389	3.9478579
43.551389	3.95295842
43.561389	3.94275738
43.571389	3.95550868
43.581389	3.95040816
43.591389	3.95295842
43.601389	3.94530764
43.611389	3.95550868
43.621389	3.9478579
43.631389	3.95805894
43.644071	3.9478579
43.654071	3.9478579
43.664071	3.95805894
43.674071	3.94275738
43.684071	3.9478579
43.694071	3.95295842
43.704071	3.95295842
43.714071	3.95295842
43.724071	3.95550868
43.734071	3.94275738
43.757135	3.95040816
43.767135	3.95550868
43.777135	3.95295842
43.787135	3.9478579
43.797135	3.94530764
43.807135	3.95295842
43.817135	3.9478579
43.827135	3.9402071
43.837135	3.94530764
43.847135	3.95805894
43.8639	3.95040816
43.8739	3.95040816
43.8839	3.95295842
43.8939	3.94275738
43.9039	3.9478579
43.9139	3.95040816
43.9239	3.95295842
43.9339	3.95040816
43.9439	3.95550868
43.9539	3.95295842
43.967158	3.95295842
43.977158	3.95805894
43.987158	3.95040816
43.997158	3.95040816
44.007158	3.95550868
44.017158	3.95040816
44.027158	3.95550868
44.037158	3.9478579
44.047158	3.95040816
44.057158	3.95805894
